0 0.13541666666666666 0.16944444444444445 0.013541666666666667 0.022222222222222223
0 0.25052083333333336 0.1763888888888889 0.015625 0.023148148148148147
0 0.3854166666666667 0.1814814814814815 0.014583333333333334 0.022222222222222223
0 0.13385416666666666 0.28935185185185186 0.014583333333333334 0.025
0 0.14895833333333333 0.4532407407407407 0.014583333333333334 0.023148148148148147
0 0.084375 0.43287037037037035 0.0125 0.021296296296296296
0 0.1046875 0.5527777777777778 0.016666666666666666 0.024074074074074074
0 0.16640625 0.3476851851851852 0.0140625 0.023148148148148147
0 0.8940104166666667 0.23148148148148148 0.016145833333333335 0.022222222222222223
0 0.9375 0.3490740740740741 0.016666666666666666 0.022222222222222223
1 0.73125 0.35324074074074074 0.014583333333333334 0.019444444444444445
1 0.7885416666666667 0.4875 0.0125 0.021296296296296296
1 0.6596354166666667 0.5254629629629629 0.013020833333333334 0.023148148148148147
1 0.5833333333333334 0.43287037037037035 0.013541666666666667 0.019444444444444445
1 0.46197916666666666 0.30833333333333335 0.0125 0.020370370370370372
1 0.6557291666666667 0.6708333333333333 0.014583333333333334 0.021296296296296296
1 0.45026041666666666 0.5879629629629629 0.013020833333333334 0.018518518518518517
1 0.49296875 0.42685185185185187 0.013020833333333334 0.020370370370370372
1 0.28229166666666666 0.4898148148148148 0.013541666666666667 0.020370370370370372
1 0.23463541666666668 0.6060185185185185 0.013020833333333334 0.019444444444444445
2 0.078125 0.7310185185185185 0.013541666666666667 0.021296296296296296
2 0.12994791666666666 0.749537037037037 0.013020833333333334 0.021296296296296296
2 0.2713541666666667 0.7421296296296296 0.013541666666666667 0.021296296296296296
2 0.10651041666666666 0.12037037037037036 0.0140625 0.022222222222222223
2 0.69296875 0.16666666666666666 0.013020833333333334 0.020370370370370372
2 0.94140625 0.6851851851851852 0.009895833333333333 0.022222222222222223
2 0.746875 0.7810185185185186 0.013541666666666667 0.019444444444444445
2 0.59765625 0.7592592592592593 0.013020833333333334 0.022222222222222223
2 0.08854166666666667 0.25601851851851853 0.013541666666666667 0.023148148148148147
2 0.621875 0.17546296296296296 0.014583333333333334 0.01574074074074074
3 0.5825520833333333 0.21157407407407408 0.011979166666666667 0.019444444444444445
3 0.4979166666666667 0.25277777777777777 0.014583333333333334 0.018518518518518517
3 0.5252604166666667 0.23935185185185184 0.0140625 0.021296296296296296
3 0.19817708333333334 0.47129629629629627 0.013020833333333334 0.022222222222222223
3 0.37838541666666664 0.7333333333333333 0.011979166666666667 0.020370370370370372
3 0.23776041666666667 0.7111111111111111 0.013020833333333334 0.022222222222222223
3 0.553125 0.725925925925926 0.013541666666666667 0.020370370370370372
3 0.32864583333333336 0.6856481481481481 0.0125 0.019444444444444445
3 0.3450520833333333 0.7319444444444444 0.013020833333333334 0.021296296296296296
3 0.5546875 0.225 0.013541666666666667 0.020370370370370372
4 0.5989583333333334 0.2574074074074074 0.0125 0.018518518518518517
4 0.53515625 0.3277777777777778 0.013020833333333334 0.020370370370370372
4 0.1484375 0.4236111111111111 0.013541666666666667 0.019444444444444445
4 0.19869791666666667 0.6939814814814815 0.0140625 0.021296296296296296
4 0.43046875 0.6907407407407408 0.011979166666666667 0.016666666666666666
4 0.7739583333333333 0.6333333333333333 0.011458333333333333 0.018518518518518517
4 0.71484375 0.33796296296296297 0.0109375 0.018518518518518517
4 0.2721354166666667 0.4305555555555556 0.011979166666666667 0.018518518518518517
4 0.096875 0.6273148148148148 0.0125 0.019444444444444445
4 0.36380208333333336 0.4060185185185185 0.013020833333333334 0.021296296296296296
5 0.32473958333333336 0.3902777777777778 0.013020833333333334 0.021296296296296296
5 0.4473958333333333 0.4546296296296296 0.010416666666666666 0.014814814814814815
5 0.77890625 0.4300925925925926 0.013020833333333334 0.021296296296296296
5 0.7263020833333333 0.28055555555555556 0.011979166666666667 0.020370370370370372
5 0.6138020833333333 0.3337962962962963 0.013020833333333334 0.023148148148148147
5 0.47708333333333336 0.38425925925925924 0.0125 0.020370370370370372
5 0.31875 0.625462962962963 0.011458333333333333 0.019444444444444445
5 0.190625 0.5453703703703704 0.013541666666666667 0.020370370370370372
5 0.20989583333333334 0.6648148148148149 0.0125 0.018518518518518517
5 0.8143229166666667 0.34305555555555556 0.0140625 0.021296296296296296
6 0.5098958333333333 0.4587962962962963 0.9802083333333333 0.8194444444444444
