0 0.5192708333333333 0.48657407407407405 0.011458333333333333 0.019444444444444445
0 0.32395833333333335 0.5263888888888889 0.011458333333333333 0.019444444444444445
5 0.33932291666666664 0.29444444444444445 0.0109375 0.016666666666666666
5 0.16328125 0.5805555555555556 0.013020833333333334 0.020370370370370372
5 0.43645833333333334 0.4398148148148148 0.0125 0.018518518518518517
5 0.26119791666666664 0.5967592592592592 0.011979166666666667 0.017592592592592594
5 0.2984375 0.36574074074074076 0.011458333333333333 0.014814814814814815
5 0.11432291666666666 0.32916666666666666 0.009895833333333333 0.017592592592592594
5 0.2390625 0.5111111111111111 0.0125 0.018518518518518517
5 0.521875 0.3421296296296296 0.011458333333333333 0.017592592592592594
0 0.8684895833333334 0.39537037037037037 0.0109375 0.016666666666666666
0 0.6244791666666667 0.38796296296296295 0.011458333333333333 0.020370370370370372
0 0.57421875 0.2712962962962963 0.013020833333333334 0.020370370370370372
0 0.40729166666666666 0.5416666666666666 0.010416666666666666 0.018518518518518517
0 0.32421875 0.2175925925925926 0.013020833333333334 0.020370370370370372
0 0.10729166666666666 0.4041666666666667 0.014583333333333334 0.021296296296296296
0 0.24322916666666666 0.6685185185185185 0.0125 0.018518518518518517
0 0.7880208333333333 0.3819444444444444 0.011458333333333333 0.019444444444444445
0 0.79921875 0.6032407407407407 0.011979166666666667 0.019444444444444445
0 0.70546875 0.5041666666666667 0.0109375 0.017592592592592594
2 0.12786458333333334 0.1814814814814815 0.013020833333333334 0.018518518518518517
2 0.37604166666666666 0.2064814814814815 0.010416666666666666 0.020370370370370372
2 0.09322916666666667 0.5773148148148148 0.013541666666666667 0.017592592592592594
2 0.4825520833333333 0.8125 0.011979166666666667 0.019444444444444445
2 0.8166666666666667 0.8087962962962963 0.010416666666666666 0.01574074074074074
2 0.7322916666666667 0.2101851851851852 0.010416666666666666 0.016666666666666666
2 0.09869791666666666 0.7689814814814815 0.011979166666666667 0.019444444444444445
2 0.08333333333333333 0.3726851851851852 0.0125 0.021296296296296296
2 0.2552083333333333 0.8134259259259259 0.011458333333333333 0.021296296296296296
2 0.3541666666666667 0.7837962962962963 0.010416666666666666 0.019444444444444445
4 0.14609375 0.7379629629629629 0.013020833333333334 0.020370370370370372
4 0.11145833333333334 0.6212962962962963 0.0125 0.020370370370370372
4 0.42135416666666664 0.2074074074074074 0.011458333333333333 0.018518518518518517
4 0.0890625 0.3296296296296296 0.011458333333333333 0.018518518518518517
4 0.59140625 0.7268518518518519 0.0109375 0.016666666666666666
4 0.8294270833333334 0.5337962962962963 0.009895833333333333 0.013888888888888888
4 0.35130208333333335 0.5412037037037037 0.011979166666666667 0.017592592592592594
4 0.2947916666666667 0.7402777777777778 0.0125 0.017592592592592594
4 0.2942708333333333 0.3226851851851852 0.011458333333333333 0.019444444444444445
4 0.35052083333333334 0.6828703703703703 0.011458333333333333 0.017592592592592594
None 0.14427083333333332 0.24074074074074073 0.020833333333333332 0.024074074074074074
None 0.1 0.47638888888888886 0.013541666666666667 0.019444444444444445
None 0.353125 0.42314814814814816 0.011458333333333333 0.018518518518518517
None 0.16666666666666666 0.287962962962963 0.017708333333333333 0.016666666666666666
6 0.5192708333333333 0.4935185185185185 0.9583333333333334 0.7759259259259259
