0 0.5234375 0.2550925925925926 0.015625 0.021296296296296296
0 0.5721354166666667 0.2273148148148148 0.018229166666666668 0.025
0 0.6846354166666667 0.23194444444444445 0.016145833333333335 0.023148148148148147
0 0.7791666666666667 0.28055555555555556 0.016666666666666666 0.022222222222222223
0 0.8377604166666667 0.24027777777777778 0.0140625 0.019444444444444445
0 0.86015625 0.21481481481481482 0.016145833333333335 0.024074074074074074
0 0.8877604166666667 0.28194444444444444 0.016145833333333335 0.025
0 0.8614583333333333 0.3537037037037037 0.014583333333333334 0.024074074074074074
0 0.52890625 0.30092592592592593 0.0140625 0.022222222222222223
0 0.6455729166666667 0.275 0.015104166666666667 0.025925925925925925
2 0.6697916666666667 0.18611111111111112 0.0125 0.022222222222222223
2 0.55078125 0.7930555555555555 0.015104166666666667 0.021296296296296296
2 0.4471354166666667 0.7027777777777777 0.013020833333333334 0.018518518518518517
2 0.16536458333333334 0.7046296296296296 0.013020833333333334 0.020370370370370372
2 0.07057291666666667 0.6439814814814815 0.0140625 0.019444444444444445
2 0.06067708333333333 0.33101851851851855 0.011979166666666667 0.019444444444444445
2 0.325 0.812037037037037 0.014583333333333334 0.022222222222222223
2 0.6703125 0.6550925925925926 0.013541666666666667 0.023148148148148147
2 0.8408854166666667 0.8180555555555555 0.013020833333333334 0.017592592592592594
2 0.95390625 0.2263888888888889 0.0140625 0.025
4 0.9098958333333333 0.6666666666666666 0.0125 0.022222222222222223
4 0.8119791666666667 0.42824074074074076 0.0125 0.019444444444444445
4 0.6890625 0.5481481481481482 0.0125 0.018518518518518517
4 0.6424479166666667 0.6694444444444444 0.0140625 0.020370370370370372
4 0.44166666666666665 0.5013888888888889 0.0125 0.019444444444444445
4 0.4901041666666667 0.28703703703703703 0.013541666666666667 0.022222222222222223
4 0.7174479166666666 0.29259259259259257 0.011979166666666667 0.020370370370370372
4 0.27890625 0.2222222222222222 0.013020833333333334 0.020370370370370372
4 0.25416666666666665 0.4393518518518518 0.013541666666666667 0.019444444444444445
4 0.08776041666666666 0.4064814814814815 0.0140625 0.020370370370370372
4 0.125 0.19444444444444445 0.013541666666666667 0.020370370370370372
4 0.4015625 0.6097222222222223 0.0125 0.019444444444444445
6 0.5033854166666667 0.5 0.9807291666666667 0.8222222222222222
