0 0.86171875 0.1962962962962963 0.0140625 0.020370370370370372
0 0.8828125 0.22685185185185186 0.014583333333333334 0.022222222222222223
0 0.9192708333333334 0.24444444444444444 0.014583333333333334 0.020370370370370372
0 0.925 0.28564814814814815 0.016666666666666666 0.026851851851851852
0 0.8859375 0.27361111111111114 0.015625 0.021296296296296296
0 0.9236979166666667 0.3736111111111111 0.015104166666666667 0.023148148148148147
0 0.96171875 0.4166666666666667 0.013020833333333334 0.020370370370370372
0 0.903125 0.3453703703703704 0.015625 0.022222222222222223
1 0.25703125 0.2638888888888889 0.013020833333333334 0.018518518518518517
1 0.31692708333333336 0.40046296296296297 0.013020833333333334 0.021296296296296296
1 0.45989583333333334 0.36064814814814816 0.0125 0.019444444444444445
1 0.8028645833333333 0.37175925925925923 0.013020833333333334 0.017592592592592594
1 0.7145833333333333 0.5143518518518518 0.013541666666666667 0.017592592592592594
1 0.6184895833333334 0.6148148148148148 0.011979166666666667 0.018518518518518517
1 0.45625 0.625 0.013541666666666667 0.020370370370370372
1 0.22265625 0.6027777777777777 0.0140625 0.022222222222222223
1 0.1921875 0.36435185185185187 0.0125 0.019444444444444445
1 0.41119791666666666 0.5958333333333333 0.0140625 0.019444444444444445
2 0.1203125 0.2601851851851852 0.015625 0.024074074074074074
2 0.1171875 0.4708333333333333 0.011458333333333333 0.021296296296296296
2 0.17447916666666666 0.13425925925925927 0.014583333333333334 0.018518518518518517
2 0.3184895833333333 0.12962962962962962 0.013020833333333334 0.022222222222222223
2 0.16588541666666667 0.6337962962962963 0.013020833333333334 0.021296296296296296
2 0.37604166666666666 0.7152777777777778 0.013541666666666667 0.021296296296296296
2 0.8770833333333333 0.1527777777777778 0.0125 0.025925925925925925
2 0.24609375 0.14583333333333334 0.013020833333333334 0.021296296296296296
2 0.9484375 0.737037037037037 0.010416666666666666 0.018518518518518517
2 0.21875 0.7087962962962963 0.013541666666666667 0.021296296296296296
4 0.7994791666666666 0.18333333333333332 0.011458333333333333 0.020370370370370372
4 0.9471354166666667 0.20185185185185187 0.013020833333333334 0.018518518518518517
4 0.8638020833333333 0.2722222222222222 0.013020833333333334 0.022222222222222223
4 0.9296875 0.4166666666666667 0.014583333333333334 0.020370370370370372
4 0.9450520833333333 0.46064814814814814 0.011979166666666667 0.019444444444444445
4 0.6588541666666666 0.4847222222222222 0.011458333333333333 0.017592592592592594
4 0.9471354166666667 0.22962962962962963 0.0109375 0.020370370370370372
4 0.7723958333333333 0.6180555555555556 0.0125 0.021296296296296296
4 0.5541666666666667 0.3787037037037037 0.011458333333333333 0.018518518518518517
4 0.8971354166666666 0.18518518518518517 0.011979166666666667 0.016666666666666666
5 0.49296875 0.36203703703703705 0.013020833333333334 0.018518518518518517
5 0.24479166666666666 0.6662037037037037 0.0125 0.017592592592592594
5 0.14348958333333334 0.4828703703703704 0.013020833333333334 0.019444444444444445
5 0.1375 0.5296296296296297 0.013541666666666667 0.020370370370370372
5 0.19921875 0.262037037037037 0.011979166666666667 0.016666666666666666
5 0.13645833333333332 0.5884259259259259 0.013541666666666667 0.021296296296296296
5 0.6393229166666666 0.2199074074074074 0.011979166666666667 0.019444444444444445
None 0.35234375 0.37222222222222223 0.0140625 0.018518518518518517
6 0.5333333333333333 0.4388888888888889 0.9333333333333333 0.7703703703703704
