6 0.49244791666666665 0.48148148148148145 0.9369791666666667 0.7185185185185186
1 0.8182291666666667 0.4875 0.015625 0.023148148148148147
1 0.80078125 0.4449074074074074 0.015104166666666667 0.023148148148148147
1 0.7625 0.4027777777777778 0.014583333333333334 0.022222222222222223
1 0.7739583333333333 0.4310185185185185 0.015625 0.023148148148148147
1 0.7736979166666667 0.5185185185185185 0.015104166666666667 0.020370370370370372
1 0.7299479166666667 0.5476851851851852 0.016145833333333335 0.021296296296296296
1 0.7135416666666666 0.5625 0.014583333333333334 0.023148148148148147
1 0.6919270833333333 0.5041666666666667 0.0140625 0.021296296296296296
1 0.6471354166666666 0.5046296296296297 0.015104166666666667 0.022222222222222223
1 0.653125 0.5189814814814815 0.015625 0.025
1 0.6528645833333333 0.5773148148148148 0.016145833333333335 0.023148148148148147
1 0.65859375 0.5925925925925926 0.015104166666666667 0.024074074074074074
1 0.66484375 0.6064814814814815 0.015104166666666667 0.025925925925925925
1 0.6484375 0.6504629629629629 0.016666666666666666 0.025
1 0.6197916666666666 0.4912037037037037 0.015625 0.026851851851851852
1 0.5799479166666667 0.4476851851851852 0.015104166666666667 0.025
1 0.5739583333333333 0.37592592592592594 0.015625 0.024074074074074074
2 0.6130208333333333 0.38796296296296295 0.014583333333333334 0.024074074074074074
1 0.5736979166666667 0.40370370370370373 0.015104166666666667 0.024074074074074074
1 0.5979166666666667 0.49074074074074076 0.016666666666666666 0.022222222222222223
1 0.5817708333333333 0.6824074074074075 0.015625 0.022222222222222223
1 0.5760416666666667 0.6972222222222222 0.015625 0.022222222222222223
1 0.5317708333333333 0.7268518518518519 0.015625 0.024074074074074074
1 0.5083333333333333 0.6685185185185185 0.015625 0.024074074074074074
1 0.50703125 0.49212962962962964 0.016145833333333335 0.023148148148148147
1 0.5122395833333333 0.3902777777777778 0.016145833333333335 0.023148148148148147
1 0.5075520833333333 0.3449074074074074 0.016145833333333335 0.025
1 0.428125 0.3768518518518518 0.014583333333333334 0.024074074074074074
1 0.39921875 0.36203703703703705 0.015104166666666667 0.022222222222222223
1 0.39401041666666664 0.3768518518518518 0.018229166666666668 0.024074074074074074
1 0.38828125 0.39166666666666666 0.0171875 0.022222222222222223
1 0.37135416666666665 0.40694444444444444 0.015625 0.023148148148148147
1 0.3770833333333333 0.4212962962962963 0.016666666666666666 0.025925925925925925
1 0.38333333333333336 0.4356481481481482 0.016666666666666666 0.025
1 0.3888020833333333 0.45046296296296295 0.016145833333333335 0.025
1 0.3776041666666667 0.5388888888888889 0.016666666666666666 0.024074074074074074
1 0.38359375 0.5541666666666667 0.016145833333333335 0.026851851851851852
0 0.86015625 0.262037037037037 0.016145833333333335 0.03148148148148148
0 0.8515625 0.3106481481481482 0.017708333333333333 0.028703703703703703
0 0.8302083333333333 0.27824074074074073 0.01875 0.028703703703703703
0 0.8755208333333333 0.3087962962962963 0.016666666666666666 0.028703703703703703
0 0.8739583333333333 0.33796296296296297 0.017708333333333333 0.025925925925925925
0 0.825 0.22962962962962963 0.016666666666666666 0.025925925925925925
0 0.2872395833333333 0.25277777777777777 0.016145833333333335 0.024074074074074074
0 0.26796875 0.2833333333333333 0.018229166666666668 0.025925925925925925
0 0.24583333333333332 0.28564814814814815 0.016666666666666666 0.025
0 0.23411458333333332 0.2851851851851852 0.016145833333333335 0.025925925925925925
0 0.22786458333333334 0.30092592592592593 0.016145833333333335 0.024074074074074074
0 0.2234375 0.3175925925925926 0.015625 0.02962962962962963
0 0.165625 0.31712962962962965 0.016666666666666666 0.028703703703703703
0 0.15989583333333332 0.33240740740740743 0.016666666666666666 0.025925925925925925
0 0.14791666666666667 0.33055555555555555 0.016666666666666666 0.024074074074074074
0 0.14817708333333332 0.26944444444444443 0.0171875 0.025925925925925925
0 0.13125 0.31527777777777777 0.01875 0.026851851851851852
0 0.1484375 0.36157407407407405 0.016666666666666666 0.025
0 0.14322916666666666 0.37592592592592594 0.016666666666666666 0.025925925925925925
0 0.13671875 0.3912037037037037 0.0171875 0.025
0 0.12109375 0.40555555555555556 0.015104166666666667 0.027777777777777776
0 0.11588541666666667 0.4212962962962963 0.0171875 0.025925925925925925
0 0.09817708333333333 0.43472222222222223 0.018229166666666668 0.026851851851851852
0 0.10885416666666667 0.34629629629629627 0.015625 0.027777777777777776
0 0.1078125 0.28379629629629627 0.015625 0.028703703703703703
0 0.13645833333333332 0.2388888888888889 0.016666666666666666 0.027777777777777776
0 0.09322916666666667 0.2518518518518518 0.017708333333333333 0.025925925925925925
0 0.09557291666666666 0.2828703703703704 0.016145833333333335 0.026851851851851852
0 0.09635416666666667 0.31527777777777777 0.016666666666666666 0.026851851851851852
0 0.09140625 0.3597222222222222 0.016145833333333335 0.025
0 0.07760416666666667 0.29907407407407405 0.014583333333333334 0.025925925925925925
0 0.09114583333333333 0.4810185185185185 0.014583333333333334 0.026851851851851852
1 0.2375 0.7037037037037037 0.015625 0.022222222222222223
1 0.22578125 0.6736111111111112 0.0171875 0.021296296296296296
1 0.209375 0.6597222222222222 0.015625 0.023148148148148147
1 0.20338541666666668 0.6754629629629629 0.016145833333333335 0.025
1 0.22552083333333334 0.5861111111111111 0.016666666666666666 0.024074074074074074
1 0.22057291666666667 0.600462962962963 0.016145833333333335 0.026851851851851852
1 0.2598958333333333 0.6143518518518518 0.015625 0.023148148148148147
1 0.20364583333333333 0.6462962962962963 0.014583333333333334 0.025925925925925925
1 0.24895833333333334 0.7032407407407407 0.014583333333333334 0.023148148148148147
1 0.2552083333333333 0.7171296296296297 0.014583333333333334 0.026851851851851852
1 0.24739583333333334 0.4986111111111111 0.015625 0.021296296296296296
1 0.24192708333333332 0.5125 0.0171875 0.025
1 0.23723958333333334 0.5273148148148148 0.016145833333333335 0.025
2 0.09947916666666666 0.587037037037037 0.015625 0.025925925925925925
2 0.10546875 0.6018518518518519 0.016145833333333335 0.024074074074074074
2 0.11145833333333334 0.6171296296296296 0.016666666666666666 0.025
2 0.10625 0.6324074074074074 0.016666666666666666 0.024074074074074074
2 0.11223958333333334 0.6472222222222223 0.015104166666666667 0.024074074074074074
2 0.13046875 0.6916666666666667 0.016145833333333335 0.022222222222222223
2 0.1359375 0.7055555555555556 0.014583333333333334 0.024074074074074074
2 0.13359375 0.4976851851851852 0.015104166666666667 0.023148148148148147
2 0.1390625 0.512962962962963 0.014583333333333334 0.024074074074074074
