6 0.5005208333333333 0.49583333333333335 0.99375 0.799074074074074
0 0.90703125 0.38425925925925924 0.0171875 0.03148148148148148
0 0.9252604166666667 0.40185185185185185 0.016145833333333335 0.02962962962962963
0 0.9005208333333333 0.4324074074074074 0.016666666666666666 0.027777777777777776
0 0.8997395833333334 0.4652777777777778 0.0171875 0.028703703703703703
0 0.9177083333333333 0.48009259259259257 0.016666666666666666 0.028703703703703703
0 0.8979166666666667 0.5291666666666667 0.016666666666666666 0.028703703703703703
0 0.92265625 0.5319444444444444 0.0171875 0.026851851851851852
0 0.9125 0.562962962962963 0.016666666666666666 0.02962962962962963
0 0.8984375 0.5949074074074074 0.016666666666666666 0.030555555555555555
0 0.92265625 0.6291666666666667 0.018229166666666668 0.032407407407407406
0 0.8494791666666667 0.4976851851851852 0.017708333333333333 0.028703703703703703
0 0.8575520833333333 0.41435185185185186 0.018229166666666668 0.028703703703703703
0 0.8453125 0.34953703703703703 0.017708333333333333 0.028703703703703703
0 0.828125 0.3 0.01875 0.02962962962962963
0 0.84375 0.19768518518518519 0.016666666666666666 0.026851851851851852
0 0.86640625 0.20092592592592592 0.0171875 0.02962962962962963
0 0.7815104166666667 0.19398148148148148 0.0171875 0.026851851851851852
0 0.7630208333333334 0.2101851851851852 0.016666666666666666 0.024074074074074074
0 0.7942708333333334 0.22824074074074074 0.016666666666666666 0.025
0 0.7619791666666667 0.2449074074074074 0.01875 0.030555555555555555
0 0.7606770833333333 0.28194444444444444 0.0171875 0.030555555555555555
0 0.7723958333333333 0.3143518518518518 0.01875 0.028703703703703703
0 0.7705729166666667 0.34953703703703703 0.018229166666666668 0.028703703703703703
0 0.8028645833333333 0.36527777777777776 0.0171875 0.026851851851851852
0 0.8020833333333334 0.39814814814814814 0.017708333333333333 0.02962962962962963
0 0.74140625 0.3300925925925926 0.0171875 0.028703703703703703
0 0.71640625 0.2967592592592593 0.019270833333333334 0.028703703703703703
0 0.7182291666666667 0.22870370370370371 0.017708333333333333 0.027777777777777776
0 0.73828125 0.17962962962962964 0.016145833333333335 0.022222222222222223
0 0.7057291666666666 0.19490740740740742 0.016666666666666666 0.026851851851851852
0 0.6807291666666667 0.2263888888888889 0.01875 0.028703703703703703
0 0.67265625 0.2490740740740741 0.019270833333333334 0.024074074074074074
0 0.6111979166666667 0.2449074074074074 0.0171875 0.028703703703703703
0 0.609375 0.2800925925925926 0.017708333333333333 0.030555555555555555
0 0.5908854166666667 0.2967592592592593 0.016145833333333335 0.026851851851851852
0 0.58515625 0.21296296296296297 0.018229166666666668 0.02962962962962963
0 0.5411458333333333 0.22777777777777777 0.01875 0.025925925925925925
0 0.553125 0.26157407407407407 0.017708333333333333 0.026851851851851852
0 0.5346354166666667 0.27824074074074073 0.018229166666666668 0.028703703703703703
0 0.40130208333333334 0.25972222222222224 0.019270833333333334 0.030555555555555555
0 0.5018229166666667 0.325 0.018229166666666668 0.02962962962962963
