6 0.496875 0.4837962962962963 0.9927083333333333 0.8231481481481482
1 0.69921875 0.5972222222222222 0.016145833333333335 0.025925925925925925
1 0.7234375 0.6300925925925925 0.016666666666666666 0.026851851851851852
1 0.7109375 0.6638888888888889 0.017708333333333333 0.025925925925925925
1 0.7924479166666667 0.6796296296296296 0.018229166666666668 0.02962962962962963
1 0.8002604166666667 0.49675925925925923 0.018229166666666668 0.026851851851851852
1 0.79453125 0.513425925925926 0.018229166666666668 0.026851851851851852
1 0.78671875 0.5305555555555556 0.019270833333333334 0.02962962962962963
1 0.7875 0.5638888888888889 0.017708333333333333 0.027777777777777776
1 0.7869791666666667 0.5981481481481481 0.016666666666666666 0.02962962962962963
1 0.77421875 0.662962962962963 0.016145833333333335 0.025925925925925925
1 0.7427083333333333 0.6800925925925926 0.017708333333333333 0.026851851851851852
1 0.73046875 0.5138888888888888 0.0171875 0.027777777777777776
1 0.7049479166666667 0.4462962962962963 0.018229166666666668 0.03148148148148148
1 0.62890625 0.34675925925925927 0.018229166666666668 0.028703703703703703
1 0.6286458333333333 0.3800925925925926 0.017708333333333333 0.026851851851851852
1 0.6166666666666667 0.41435185185185186 0.017708333333333333 0.026851851851851852
1 0.6166666666666667 0.47962962962962963 0.017708333333333333 0.02962962962962963
1 0.6346354166666667 0.49675925925925923 0.0171875 0.026851851851851852
1 0.5716145833333334 0.5314814814814814 0.016145833333333335 0.02962962962962963
1 0.578125 0.4134259259259259 0.016666666666666666 0.028703703703703703
1 0.55859375 0.362962962962963 0.0171875 0.027777777777777776
1 0.3541666666666667 0.4652777777777778 0.017708333333333333 0.026851851851851852
1 0.32890625 0.5310185185185186 0.018229166666666668 0.026851851851851852
1 0.33645833333333336 0.6143518518518518 0.01875 0.026851851851851852
1 0.6416666666666667 0.6800925925925926 0.017708333333333333 0.026851851851851852
1 0.6348958333333333 0.6967592592592593 0.016666666666666666 0.025
1 0.621875 0.6967592592592593 0.016666666666666666 0.025
1 0.6278645833333333 0.7134259259259259 0.0171875 0.026851851851851852
1 0.6411458333333333 0.7134259259259259 0.016666666666666666 0.026851851851851852
1 0.64765625 0.7296296296296296 0.016145833333333335 0.025925925925925925
1 0.621875 0.7314814814814815 0.016666666666666666 0.027777777777777776
1 0.5971354166666667 0.6981481481481482 0.018229166666666668 0.027777777777777776
1 0.5588541666666667 0.6643518518518519 0.016666666666666666 0.026851851851851852
1 0.55078125 0.6134259259259259 0.016145833333333335 0.025
1 0.5526041666666667 0.6819444444444445 0.016666666666666666 0.026851851851851852
1 0.5591145833333333 0.6981481481481482 0.0171875 0.025925925925925925
