0 0.09166666666666666 0.14305555555555555 0.015625 0.023148148148148147
0 0.8166666666666667 0.11527777777777778 0.015625 0.025
0 0.9161458333333333 0.16712962962962963 0.013541666666666667 0.023148148148148147
0 0.9057291666666667 0.10231481481481482 0.015625 0.023148148148148147
0 0.7520833333333333 0.09768518518518518 0.014583333333333334 0.023148148148148147
0 0.90234375 0.22916666666666666 0.015104166666666667 0.021296296296296296
0 0.13385416666666666 0.15648148148148147 0.014583333333333334 0.020370370370370372
0 0.11588541666666667 0.1111111111111111 0.0171875 0.025925925925925925
0 0.85 0.18194444444444444 0.016666666666666666 0.021296296296296296
0 0.1640625 0.11018518518518519 0.015625 0.022222222222222223
2 0.38359375 0.08472222222222223 0.0140625 0.023148148148148147
2 0.25026041666666665 0.14675925925925926 0.0140625 0.023148148148148147
2 0.4473958333333333 0.687962962962963 0.013541666666666667 0.022222222222222223
2 0.68125 0.6277777777777778 0.013541666666666667 0.022222222222222223
2 0.9518229166666666 0.2777777777777778 0.011979166666666667 0.022222222222222223
2 0.5526041666666667 0.05092592592592592 0.013541666666666667 0.020370370370370372
2 0.28125 0.06527777777777778 0.013541666666666667 0.023148148148148147
2 0.040364583333333336 0.07546296296296297 0.013020833333333334 0.021296296296296296
2 0.07265625 0.6856481481481481 0.011979166666666667 0.021296296296296296
2 0.8541666666666666 0.6569444444444444 0.013541666666666667 0.021296296296296296
None 0.05703125 0.33194444444444443 0.0109375 0.017592592592592594
None 0.18958333333333333 0.2074074074074074 0.013541666666666667 0.022222222222222223
None 0.32395833333333335 0.24166666666666667 0.0125 0.018518518518518517
None 0.365625 0.2574074074074074 0.0125 0.018518518518518517
None 0.5979166666666667 0.27361111111111114 0.011458333333333333 0.019444444444444445
None 0.5252604166666667 0.4898148148148148 0.0109375 0.018518518518518517
0 0.09270833333333334 0.175 0.01875 0.02962962962962963
0 0.08489583333333334 0.22175925925925927 0.019791666666666666 0.028703703703703703
0 0.9255208333333333 0.26157407407407407 0.017708333333333333 0.026851851851851852
6 0.49453125 0.38657407407407407 0.9755208333333333 0.7527777777777778
