0 0.1109375 0.18518518518518517 0.015625 0.022222222222222223
0 0.07291666666666667 0.21666666666666667 0.015625 0.022222222222222223
0 0.08697916666666666 0.2814814814814815 0.015625 0.022222222222222223
0 0.8119791666666667 0.15925925925925927 0.014583333333333334 0.022222222222222223
0 0.8354166666666667 0.23981481481481481 0.015625 0.022222222222222223
0 0.91875 0.15925925925925927 0.015625 0.022222222222222223
0 0.753125 0.18981481481481483 0.014583333333333334 0.022222222222222223
0 0.9291666666666667 0.5537037037037037 0.014583333333333334 0.022222222222222223
0 0.7552083333333334 0.1259259259259259 0.014583333333333334 0.022222222222222223
0 0.9067708333333333 0.3138888888888889 0.014583333333333334 0.022222222222222223
1 0.35260416666666666 0.20972222222222223 0.015625 0.021296296296296296
1 0.4354166666666667 0.2439814814814815 0.015625 0.021296296296296296
1 0.54375 0.21388888888888888 0.014583333333333334 0.022222222222222223
1 0.615625 0.4148148148148148 0.014583333333333334 0.022222222222222223
1 0.4901041666666667 0.5833333333333334 0.014583333333333334 0.022222222222222223
1 0.7385416666666667 0.28055555555555556 0.014583333333333334 0.022222222222222223
1 0.6989583333333333 0.4935185185185185 0.014583333333333334 0.022222222222222223
1 0.7953125 0.612037037037037 0.014583333333333334 0.022222222222222223
1 0.278125 0.3333333333333333 0.014583333333333334 0.022222222222222223
1 0.2828125 0.5981481481481481 0.014583333333333334 0.022222222222222223
2 0.05260416666666667 0.4101851851851852 0.0125 0.022222222222222223
2 0.0375 0.2175925925925926 0.0125 0.022222222222222223
2 0.21953125 0.11203703703703703 0.0140625 0.024074074074074074
2 0.5088541666666667 0.12083333333333333 0.014583333333333334 0.025
2 0.8119791666666667 0.09444444444444444 0.0125 0.022222222222222223
2 0.6588541666666666 0.7407407407407407 0.0125 0.022222222222222223
2 0.06458333333333334 0.7296296296296296 0.0125 0.022222222222222223
2 0.6364583333333333 0.15833333333333333 0.0125 0.022222222222222223
2 0.2708333333333333 0.7185185185185186 0.0125 0.022222222222222223
2 0.18776041666666668 0.1259259259259259 0.0140625 0.024074074074074074
3 0.10260416666666666 0.5662037037037037 0.0125 0.019444444444444445
3 0.1015625 0.44305555555555554 0.0125 0.019444444444444445
3 0.14479166666666668 0.5828703703703704 0.0125 0.019444444444444445
3 0.10260416666666666 0.6597222222222222 0.0125 0.019444444444444445
3 0.16927083333333334 0.6736111111111112 0.0125 0.019444444444444445
4 0.10416666666666667 0.10462962962962963 0.014583333333333334 0.020370370370370372
4 0.1421875 0.17037037037037037 0.013541666666666667 0.018518518518518517
4 0.21822916666666667 0.2074074074074074 0.013541666666666667 0.018518518518518517
4 0.2598958333333333 0.3814814814814815 0.013541666666666667 0.018518518518518517
4 0.390625 0.5370370370370371 0.013541666666666667 0.018518518518518517
4 0.22291666666666668 0.6287037037037037 0.013541666666666667 0.018518518518518517
4 0.5677083333333334 0.47685185185185186 0.013541666666666667 0.018518518518518517
4 0.665625 0.6574074074074074 0.013541666666666667 0.018518518518518517
4 0.8354166666666667 0.26851851851851855 0.013541666666666667 0.018518518518518517
4 0.690625 0.14166666666666666 0.013541666666666667 0.018518518518518517
5 0.6359375 0.24814814814814815 0.0125 0.020370370370370372
5 0.40520833333333334 0.22685185185185186 0.011458333333333333 0.018518518518518517
5 0.35234375 0.14722222222222223 0.013020833333333334 0.022222222222222223
5 0.20494791666666667 0.36527777777777776 0.013020833333333334 0.019444444444444445
5 0.16875 0.4898148148148148 0.011458333333333333 0.020370370370370372
5 0.2830729166666667 0.5375 0.011979166666666667 0.019444444444444445
5 0.21145833333333333 0.2861111111111111 0.0125 0.018518518518518517
5 0.36796875 0.4134259259259259 0.013020833333333334 0.019444444444444445
5 0.23515625 0.22361111111111112 0.0140625 0.021296296296296296
5 0.48385416666666664 0.1837962962962963 0.0125 0.021296296296296296
6 0.4953125 0.4222222222222222 0.9895833333333334 0.8
