0 0.11041666666666666 0.21157407407407408 0.017708333333333333 0.025
0 0.15234375 0.22870370370370371 0.015104166666666667 0.022222222222222223
0 0.10989583333333333 0.36666666666666664 0.014583333333333334 0.024074074074074074
0 0.090625 0.32083333333333336 0.015625 0.021296296296296296
0 0.14609375 0.3050925925925926 0.015104166666666667 0.023148148148148147
0 0.11770833333333333 0.41388888888888886 0.015625 0.024074074074074074
0 0.09375 0.4449074074074074 0.015625 0.023148148148148147
0 0.12786458333333334 0.4759259259259259 0.0140625 0.020370370370370372
0 0.09322916666666667 0.5055555555555555 0.014583333333333334 0.020370370370370372
0 0.2765625 0.2490740740740741 0.014583333333333334 0.024074074074074074
1 0.36171875 0.4787037037037037 0.0140625 0.022222222222222223
1 0.4479166666666667 0.46435185185185185 0.0125 0.019444444444444445
1 0.29244791666666664 0.5685185185185185 0.013020833333333334 0.020370370370370372
1 0.7869791666666667 0.48333333333333334 0.0125 0.018518518518518517
1 0.6921875 0.5851851851851851 0.010416666666666666 0.020370370370370372
1 0.6979166666666666 0.6287037037037037 0.013541666666666667 0.018518518518518517
1 0.6703125 0.6430555555555556 0.0125 0.017592592592592594
1 0.7260416666666667 0.5861111111111111 0.0125 0.022222222222222223
1 0.6416666666666667 0.3787037037037037 0.013541666666666667 0.020370370370370372
1 0.5125 0.30092592592592593 0.0125 0.018518518518518517
2 0.253125 0.24814814814814815 0.013541666666666667 0.022222222222222223
2 0.09791666666666667 0.39814814814814814 0.013541666666666667 0.020370370370370372
2 0.0765625 0.5523148148148148 0.0125 0.021296296296296296
2 0.2015625 0.175 0.0125 0.016666666666666666
2 0.5244791666666667 0.2111111111111111 0.014583333333333334 0.020370370370370372
2 0.16432291666666668 0.8050925925925926 0.013020833333333334 0.021296296296296296
2 0.07630208333333334 0.7333333333333333 0.013020833333333334 0.022222222222222223
2 0.08671875 0.17962962962962964 0.0140625 0.020370370370370372
2 0.39765625 0.18194444444444444 0.011979166666666667 0.017592592592592594
2 0.66640625 0.19166666666666668 0.013020833333333334 0.018518518518518517
3 0.2109375 0.38657407407407407 0.0125 0.019444444444444445
3 0.3515625 0.3277777777777778 0.013541666666666667 0.020370370370370372
3 0.28151041666666665 0.44814814814814813 0.013020833333333334 0.020370370370370372
3 0.32864583333333336 0.29768518518518516 0.0125 0.023148148148148147
3 0.16380208333333332 0.5675925925925925 0.0140625 0.020370370370370372
3 0.15104166666666666 0.7476851851851852 0.013541666666666667 0.023148148148148147
3 0.2640625 0.3712962962962963 0.013541666666666667 0.022222222222222223
3 0.4203125 0.3296296296296296 0.013541666666666667 0.020370370370370372
3 0.8614583333333333 0.5421296296296296 0.0125 0.019444444444444445
3 0.22265625 0.4462962962962963 0.013020833333333334 0.020370370370370372
4 0.10416666666666667 0.6865740740740741 0.013541666666666667 0.019444444444444445
4 0.109375 0.33564814814814814 0.0125 0.017592592592592594
4 0.3651041666666667 0.2351851851851852 0.0125 0.020370370370370372
4 0.38697916666666665 0.29768518518518516 0.0125 0.019444444444444445
4 0.3098958333333333 0.6430555555555556 0.0125 0.017592592592592594
4 0.6690104166666667 0.3648148148148148 0.011979166666666667 0.018518518518518517
4 0.5403645833333334 0.28703703703703703 0.013020833333333334 0.020370370370370372
4 0.3966145833333333 0.5087962962962963 0.011979166666666667 0.019444444444444445
4 0.5356770833333333 0.7314814814814815 0.011979166666666667 0.020370370370370372
4 0.6661458333333333 0.5115740740740741 0.0125 0.019444444444444445
5 0.6322916666666667 0.5708333333333333 0.011458333333333333 0.019444444444444445
5 0.6955729166666667 0.40925925925925927 0.011979166666666667 0.020370370370370372
5 0.5385416666666667 0.4671296296296296 0.0125 0.019444444444444445
5 0.42421875 0.49444444444444446 0.013020833333333334 0.018518518518518517
5 0.32708333333333334 0.6287037037037037 0.013541666666666667 0.018518518518518517
5 0.3223958333333333 0.3726851851851852 0.0125 0.021296296296296296
5 0.6239583333333333 0.36342592592592593 0.011458333333333333 0.019444444444444445
5 0.7611979166666667 0.41064814814814815 0.013020833333333334 0.019444444444444445
5 0.6111979166666667 0.4828703703703704 0.011979166666666667 0.019444444444444445
5 0.42291666666666666 0.6435185185185185 0.011458333333333333 0.018518518518518517
6 0.5013020833333334 0.4810185185185185 0.9973958333333334 0.7935185185185185
