2 0.8877604166666667 0.5023148148148148 0.016145833333333335 0.025
2 0.8692708333333333 0.5185185185185185 0.015625 0.024074074074074074
2 0.86953125 0.42453703703703705 0.015104166666666667 0.025
2 0.86953125 0.45555555555555555 0.015104166666666667 0.025925925925925925
2 0.8700520833333333 0.29768518518518516 0.016145833333333335 0.026851851851851852
3 0.37734375 0.33287037037037037 0.015104166666666667 0.023148148148148147
3 0.3763020833333333 0.23935185185185184 0.016145833333333335 0.026851851851851852
3 0.2643229166666667 0.25555555555555554 0.015104166666666667 0.025925925925925925
3 0.24296875 0.5347222222222222 0.0140625 0.021296296296296296
3 0.16770833333333332 0.549537037037037 0.014583333333333334 0.025
3 0.15651041666666668 0.5810185185185185 0.015104166666666667 0.023148148148148147
3 0.15130208333333334 0.5953703703703703 0.015104166666666667 0.022222222222222223
3 0.14557291666666666 0.6097222222222223 0.0140625 0.023148148148148147
3 0.13932291666666666 0.625462962962963 0.015104166666666667 0.023148148148148147
3 0.134375 0.6407407407407407 0.014583333333333334 0.024074074074074074
3 0.11145833333333334 0.6708333333333333 0.014583333333333334 0.023148148148148147
3 0.11197916666666667 0.7013888888888888 0.014583333333333334 0.023148148148148147
3 0.10651041666666666 0.7157407407407408 0.0140625 0.022222222222222223
3 0.10026041666666667 0.7314814814814815 0.0140625 0.024074074074074074
3 0.109375 0.4583333333333333 0.015625 0.025925925925925925
0 0.11458333333333333 0.2824074074074074 0.017708333333333333 0.02962962962962963
0 0.096875 0.27361111111111114 0.016666666666666666 0.025
0 0.08489583333333334 0.27314814814814814 0.015625 0.025925925925925925
0 0.07317708333333334 0.2439814814814815 0.0171875 0.028703703703703703
0 0.06276041666666667 0.3060185185185185 0.0140625 0.023148148148148147
0 0.06770833333333333 0.3199074074074074 0.014583333333333334 0.025
3 0.5130208333333334 0.2861111111111111 0.016666666666666666 0.024074074074074074
3 0.5018229166666667 0.25462962962962965 0.015104166666666667 0.024074074074074074
0 0.9325520833333333 0.2023148148148148 0.019270833333333334 0.028703703703703703
0 0.92578125 0.21712962962962962 0.018229166666666668 0.025
3 0.70625 0.47129629629629627 0.015625 0.024074074074074074
3 0.6703125 0.47175925925925927 0.015625 0.023148148148148147
3 0.6940104166666666 0.5027777777777778 0.015104166666666667 0.024074074074074074
3 0.49140625 0.7824074074074074 0.016145833333333335 0.024074074074074074
3 0.49661458333333336 0.7050925925925926 0.015104166666666667 0.023148148148148147
3 0.46145833333333336 0.7050925925925926 0.015625 0.025
3 0.46770833333333334 0.6587962962962963 0.014583333333333334 0.023148148148148147
3 0.47369791666666666 0.6421296296296296 0.015104166666666667 0.023148148148148147
3 0.4671875 0.5972222222222222 0.015625 0.022222222222222223
3 0.47239583333333335 0.5504629629629629 0.015625 0.023148148148148147
3 0.49661458333333336 0.5504629629629629 0.015104166666666667 0.021296296296296296
3 0.4544270833333333 0.5337962962962963 0.015104166666666667 0.025
3 0.4432291666666667 0.5337962962962963 0.014583333333333334 0.023148148148148147
3 0.43697916666666664 0.487962962962963 0.015625 0.024074074074074074
3 0.47213541666666664 0.425 0.015104166666666667 0.024074074074074074
3 0.48411458333333335 0.3333333333333333 0.016145833333333335 0.024074074074074074
3 0.5255208333333333 0.37777777777777777 0.015625 0.024074074074074074
3 0.6161458333333333 0.39351851851851855 0.015625 0.024074074074074074
6 0.5005208333333333 0.4847222222222222 0.99375 0.7935185185185185
