2 0.13802083333333334 0.19212962962962962 0.015625 0.023148148148148147
2 0.16822916666666668 0.39814814814814814 0.013541666666666667 0.022222222222222223
2 0.31927083333333334 0.5402777777777777 0.013541666666666667 0.021296296296296296
2 0.1625 0.6337962962962963 0.014583333333333334 0.019444444444444445
2 0.7739583333333333 0.6277777777777778 0.0125 0.020370370370370372
2 0.6473958333333333 0.14212962962962963 0.011458333333333333 0.017592592592592594
2 0.31953125 0.13287037037037036 0.011979166666666667 0.019444444444444445
2 0.42578125 0.725462962962963 0.0140625 0.023148148148148147
2 0.91015625 0.7305555555555555 0.011979166666666667 0.020370370370370372
2 0.83984375 0.17546296296296296 0.013020833333333334 0.019444444444444445
0 0.28203125 0.1884259259259259 0.0140625 0.021296296296296296
0 0.30026041666666664 0.39490740740740743 0.015104166666666667 0.021296296296296296
0 0.43203125 0.17824074074074073 0.0140625 0.021296296296296296
0 0.31302083333333336 0.2375 0.013541666666666667 0.021296296296296296
0 0.6151041666666667 0.4736111111111111 0.014583333333333334 0.023148148148148147
0 0.6263020833333334 0.25555555555555554 0.015104166666666667 0.020370370370370372
0 0.6947916666666667 0.2587962962962963 0.014583333333333334 0.025
0 0.46197916666666666 0.5055555555555555 0.015625 0.025925925925925925
0 0.36796875 0.3162037037037037 0.0140625 0.025
0 0.56328125 0.4587962962962963 0.0171875 0.021296296296296296
6 0.5197916666666667 0.44351851851851853 0.9604166666666667 0.8425925925925926
0 0.57421875 0.21064814814814814 0.0140625 0.023148148148148147
