0 0.08255208333333333 0.1884259259259259 0.015104166666666667 0.025
0 0.06979166666666667 0.2513888888888889 0.015625 0.023148148148148147
0 0.06510416666666667 0.11666666666666667 0.013541666666666667 0.024074074074074074
0 0.8484375 0.18703703703703703 0.014583333333333334 0.024074074074074074
0 0.9356770833333333 0.36203703703703705 0.0140625 0.024074074074074074
0 0.90625 0.11018518518518519 0.014583333333333334 0.022222222222222223
0 0.9385416666666667 0.2222222222222222 0.014583333333333334 0.022222222222222223
0 0.8838541666666667 0.2351851851851852 0.014583333333333334 0.022222222222222223
0 0.050520833333333334 0.20462962962962963 0.014583333333333334 0.022222222222222223
0 0.12578125 0.24027777777777778 0.015104166666666667 0.025
4 0.08854166666666667 0.3347222222222222 0.013541666666666667 0.019444444444444445
4 0.057291666666666664 0.44675925925925924 0.0125 0.019444444444444445
4 0.9260416666666667 0.22268518518518518 0.0125 0.021296296296296296
1 0.7958333333333333 0.4486111111111111 0.010416666666666666 0.017592592592592594
1 0.8268229166666666 0.5407407407407407 0.011979166666666667 0.020370370370370372
1 0.8578125 0.600462962962963 0.011458333333333333 0.019444444444444445
1 0.82734375 0.6759259259259259 0.013020833333333334 0.020370370370370372
1 0.8471354166666667 0.4648148148148148 0.013020833333333334 0.020370370370370372
1 0.8541666666666666 0.5560185185185185 0.0125 0.019444444444444445
1 0.8244791666666667 0.600462962962963 0.0125 0.019444444444444445
1 0.8229166666666666 0.49537037037037035 0.0125 0.020370370370370372
1 0.8627604166666667 0.5111111111111111 0.013020833333333334 0.020370370370370372
2 0.04791666666666667 0.47824074074074074 0.0125 0.023148148148148147
2 0.09166666666666666 0.0587962962962963 0.015625 0.019444444444444445
2 0.6734375 0.08657407407407407 0.0125 0.019444444444444445
2 0.3072916666666667 0.10046296296296296 0.014583333333333334 0.023148148148148147
2 0.10208333333333333 0.6824074074074075 0.014583333333333334 0.020370370370370372
2 0.04895833333333333 0.6013888888888889 0.011458333333333333 0.021296296296296296
2 0.12630208333333334 0.30462962962962964 0.015104166666666667 0.022222222222222223
2 0.6705729166666666 0.18101851851851852 0.0140625 0.021296296296296296
2 0.85625 0.32916666666666666 0.013541666666666667 0.021296296296296296
2 0.9705729166666667 0.14583333333333334 0.009895833333333333 0.021296296296296296
3 0.8815104166666666 0.40694444444444444 0.011979166666666667 0.019444444444444445
3 0.11979166666666667 0.4162037037037037 0.013541666666666667 0.021296296296296296
3 0.42083333333333334 0.6722222222222223 0.013541666666666667 0.018518518518518517
3 0.12109375 0.47824074074074074 0.0140625 0.021296296296296296
5 0.24322916666666666 0.41898148148148145 0.0125 0.021296296296296296
5 0.39817708333333335 0.5796296296296296 0.011979166666666667 0.018518518518518517
5 0.5619791666666667 0.2388888888888889 0.0125 0.020370370370370372
5 0.22395833333333334 0.4976851851851852 0.0125 0.017592592592592594
5 0.425 0.45555555555555555 0.0125 0.018518518518518517
5 0.38515625 0.24768518518518517 0.0140625 0.021296296296296296
5 0.15104166666666666 0.4949074074074074 0.013541666666666667 0.019444444444444445
5 0.32708333333333334 0.5476851851851852 0.014583333333333334 0.021296296296296296
5 0.3028645833333333 0.5157407407407407 0.015104166666666667 0.022222222222222223
5 0.35078125 0.5481481481481482 0.015104166666666667 0.024074074074074074
5 0.23723958333333334 0.3402777777777778 0.016145833333333335 0.023148148148148147
6 0.4981770833333333 0.4046296296296296 0.9786458333333333 0.8037037037037037
