6 0.48723958333333334 0.45 0.9723958333333333 0.8
0 0.9026041666666667 0.3939814814814815 0.017708333333333333 0.026851851851851852
0 0.8736979166666666 0.3490740740740741 0.018229166666666668 0.02962962962962963
0 0.8666666666666667 0.2962962962962963 0.019791666666666666 0.02962962962962963
0 0.8421875 0.2564814814814815 0.020833333333333332 0.02962962962962963
0 0.8747395833333333 0.18101851851851852 0.018229166666666668 0.028703703703703703
0 0.8356770833333333 0.18564814814814815 0.018229166666666668 0.026851851851851852
0 0.82734375 0.21574074074074073 0.018229166666666668 0.027777777777777776
1 0.7013020833333333 0.28055555555555556 0.016145833333333335 0.022222222222222223
1 0.6890625 0.3138888888888889 0.015625 0.022222222222222223
1 0.6708333333333333 0.2638888888888889 0.015625 0.024074074074074074
0 0.9229166666666667 0.4398148148148148 0.016666666666666666 0.027777777777777776
1 0.4044270833333333 0.44212962962962965 0.016145833333333335 0.023148148148148147
1 0.4088541666666667 0.45787037037037037 0.016666666666666666 0.026851851851851852
3 0.746875 0.6981481481481482 0.014583333333333334 0.024074074074074074
3 0.740625 0.65 0.014583333333333334 0.020370370370370372
3 0.7234375 0.538425925925926 0.015625 0.023148148148148147
1 0.5533854166666666 0.21574074074074073 0.016145833333333335 0.022222222222222223
1 0.546875 0.19907407407407407 0.014583333333333334 0.022222222222222223
1 0.47109375 0.2300925925925926 0.015104166666666667 0.023148148148148147
1 0.46510416666666665 0.24861111111111112 0.015625 0.021296296296296296
1 0.4596354166666667 0.2652777777777778 0.015104166666666667 0.021296296296296296
1 0.4283854166666667 0.24768518518518517 0.015104166666666667 0.023148148148148147
1 0.4348958333333333 0.19675925925925927 0.014583333333333334 0.023148148148148147
0 0.9151041666666667 0.4583333333333333 0.016666666666666666 0.025925925925925925
1 0.39817708333333335 0.5879629629629629 0.015104166666666667 0.022222222222222223
1 0.37942708333333336 0.6356481481481482 0.015104166666666667 0.021296296296296296
3 0.17135416666666667 0.7319444444444444 0.014583333333333334 0.023148148148148147
3 0.16510416666666666 0.7152777777777778 0.014583333333333334 0.025
3 0.14661458333333333 0.6995370370370371 0.016145833333333335 0.025
3 0.14583333333333334 0.6351851851851852 0.014583333333333334 0.024074074074074074
3 0.13333333333333333 0.6671296296296296 0.015625 0.021296296296296296
3 0.13880208333333333 0.5550925925925926 0.015104166666666667 0.023148148148148147
3 0.7169270833333333 0.5537037037037037 0.015104166666666667 0.022222222222222223
3 0.66796875 0.5541666666666667 0.015104166666666667 0.023148148148148147
3 0.5083333333333333 0.6833333333333333 0.014583333333333334 0.022222222222222223
3 0.4903645833333333 0.7615740740740741 0.015104166666666667 0.023148148148148147
3 0.42916666666666664 0.7305555555555555 0.014583333333333334 0.022222222222222223
1 0.41692708333333334 0.5393518518518519 0.016145833333333335 0.019444444444444445
1 0.40286458333333336 0.21435185185185185 0.015104166666666667 0.021296296296296296
0 0.04192708333333333 0.21203703703703702 0.018229166666666668 0.027777777777777776
0 0.0234375 0.22916666666666666 0.019791666666666666 0.025
0 0.03177083333333333 0.2439814814814815 0.017708333333333333 0.025
0 0.030208333333333334 0.2791666666666667 0.016666666666666666 0.026851851851851852
0 0.0171875 0.2791666666666667 0.01875 0.026851851851851852
0 0.027864583333333335 0.14675925925925926 0.0171875 0.028703703703703703
0 0.014322916666666666 0.17824074074074073 0.018229166666666668 0.028703703703703703
