2 0.07708333333333334 0.2111111111111111 0.0125 0.020370370370370372
2 0.12395833333333334 0.6189814814814815 0.011458333333333333 0.017592592592592594
2 0.12734375 0.7731481481481481 0.013020833333333334 0.020370370370370372
2 0.19791666666666666 0.14305555555555555 0.013541666666666667 0.021296296296296296
2 0.10807291666666667 0.2898148148148148 0.013020833333333334 0.018518518518518517
2 0.26510416666666664 0.7800925925925926 0.011458333333333333 0.017592592592592594
2 0.08932291666666667 0.7125 0.011979166666666667 0.017592592592592594
2 0.0921875 0.6351851851851852 0.0125 0.020370370370370372
2 0.07890625 0.3074074074074074 0.0109375 0.020370370370370372
4 0.1171875 0.19212962962962962 0.0125 0.019444444444444445
4 0.290625 0.22175925925925927 0.011458333333333333 0.017592592592592594
4 0.4591145833333333 0.21712962962962962 0.013020833333333334 0.019444444444444445
0 0.9651041666666667 0.2523148148148148 0.013541666666666667 0.021296296296296296
0 0.9075520833333334 0.2689814814814815 0.015104166666666667 0.023148148148148147
0 0.9552083333333333 0.1337962962962963 0.014583333333333334 0.021296296296296296
0 0.9276041666666667 0.44814814814814813 0.014583333333333334 0.024074074074074074
0 0.97578125 0.19398148148148148 0.011979166666666667 0.023148148148148147
0 0.96953125 0.3 0.011979166666666667 0.020370370370370372
0 0.9403645833333333 0.20601851851851852 0.013020833333333334 0.021296296296296296
0 0.9541666666666667 0.49166666666666664 0.014583333333333334 0.018518518518518517
3 0.15130208333333334 0.5083333333333333 0.0140625 0.020370370370370372
3 0.5526041666666667 0.2773148148148148 0.0125 0.021296296296296296
3 0.428125 0.7106481481481481 0.011458333333333333 0.017592592592592594
3 0.3625 0.18796296296296297 0.013541666666666667 0.018518518518518517
4 0.10546875 0.22546296296296298 0.016145833333333335 0.026851851851851852
4 0.13151041666666666 0.22685185185185186 0.018229166666666668 0.027777777777777776
4 0.18125 0.22546296296296298 0.016666666666666666 0.026851851851851852
4 0.175 0.2412037037037037 0.016666666666666666 0.026851851851851852
4 0.128125 0.3375 0.016666666666666666 0.025
4 0.16276041666666666 0.24166666666666667 0.016145833333333335 0.025925925925925925
3 0.6002604166666666 0.5810185185185185 0.015104166666666667 0.023148148148148147
3 0.6059895833333333 0.5055555555555555 0.015104166666666667 0.024074074074074074
3 0.46015625 0.4041666666666667 0.015104166666666667 0.023148148148148147
3 0.4783854166666667 0.41944444444444445 0.015104166666666667 0.024074074074074074
3 0.43697916666666664 0.43657407407407406 0.015625 0.023148148148148147
3 0.45989583333333334 0.3425925925925926 0.014583333333333334 0.024074074074074074
3 0.4765625 0.2967592592592593 0.015625 0.025
3 0.6739583333333333 0.32222222222222224 0.015625 0.024074074074074074
3 0.6510416666666666 0.32222222222222224 0.014583333333333334 0.024074074074074074
3 0.66796875 0.42777777777777776 0.0140625 0.024074074074074074
3 0.6802083333333333 0.6370370370370371 0.013541666666666667 0.020370370370370372
3 0.6463541666666667 0.6393518518518518 0.015625 0.023148148148148147
3 0.6463541666666667 0.6685185185185185 0.014583333333333334 0.022222222222222223
3 0.6799479166666667 0.6662037037037037 0.016145833333333335 0.025
3 0.6354166666666666 0.6990740740740741 0.013541666666666667 0.022222222222222223
3 0.6580729166666667 0.6967592592592593 0.015104166666666667 0.025
3 0.6752604166666667 0.711574074074074 0.015104166666666667 0.023148148148148147
3 0.65234375 0.7134259259259259 0.015104166666666667 0.023148148148148147
3 0.66328125 0.5328703703703703 0.015104166666666667 0.025
3 0.6736979166666667 0.44305555555555554 0.0140625 0.023148148148148147
3 0.69140625 0.3375 0.015104166666666667 0.025
4 0.86875 0.22546296296296298 0.017708333333333333 0.026851851851851852
4 0.8734375 0.2708333333333333 0.016666666666666666 0.026851851851851852
4 0.8890625 0.31527777777777777 0.016666666666666666 0.025
4 0.8986979166666667 0.37407407407407406 0.015104166666666667 0.025925925925925925
4 0.8986979166666667 0.4351851851851852 0.016145833333333335 0.027777777777777776
3 0.8700520833333333 0.48055555555555557 0.015104166666666667 0.024074074074074074
4 0.10494791666666667 0.4009259259259259 0.016145833333333335 0.022222222222222223
4 0.09973958333333334 0.4476851851851852 0.0171875 0.025
4 0.14088541666666668 0.33611111111111114 0.0171875 0.024074074074074074
3 0.621875 0.15231481481481482 0.014583333333333334 0.023148148148148147
3 0.6221354166666667 0.21435185185185185 0.0140625 0.023148148148148147
6 0.5145833333333333 0.4476851851851852 0.9708333333333333 0.7953703703703704
