1 0.4700520833333333 0.46435185185185185 0.0140625 0.021296296296296296
1 0.5203125 0.4981481481481482 0.0125 0.020370370370370372
1 0.5 0.5796296296296296 0.013541666666666667 0.020370370370370372
1 0.5622395833333333 0.512962962962963 0.013020833333333334 0.024074074074074074
1 0.5802083333333333 0.36712962962962964 0.013541666666666667 0.021296296296296296
1 0.4002604166666667 0.41805555555555557 0.015104166666666667 0.021296296296296296
1 0.35182291666666665 0.5162037037037037 0.015104166666666667 0.021296296296296296
1 0.69296875 0.6074074074074074 0.0140625 0.020370370370370372
1 0.703125 0.7013888888888888 0.013541666666666667 0.025
1 0.5692708333333333 0.4324074074074074 0.014583333333333334 0.022222222222222223
2 0.010677083333333334 0.9231481481481482 0.015104166666666667 0.022222222222222223
3 0.27890625 0.3699074074074074 0.015104166666666667 0.017592592592592594
3 0.48098958333333336 0.36712962962962964 0.013020833333333334 0.019444444444444445
3 0.39427083333333335 0.5638888888888889 0.0125 0.018518518518518517
3 0.6575520833333334 0.512962962962963 0.0140625 0.020370370370370372
3 0.5473958333333333 0.6731481481481482 0.013541666666666667 0.020370370370370372
3 0.13385416666666666 0.4199074074074074 0.013541666666666667 0.019444444444444445
3 0.28958333333333336 0.8703703703703703 0.015625 0.020370370370370372
3 0.125 0.6203703703703703 0.014583333333333334 0.020370370370370372
3 0.1859375 0.4527777777777778 0.013541666666666667 0.018518518518518517
3 0.6596354166666667 0.7810185185185186 0.0109375 0.019444444444444445
4 0.04453125 0.4875 0.0140625 0.023148148148148147
4 0.06328125 0.8166666666666667 0.013020833333333334 0.018518518518518517
4 0.11822916666666666 0.3175925925925926 0.013541666666666667 0.022222222222222223
4 0.21536458333333333 0.3 0.013020833333333334 0.018518518518518517
4 0.019270833333333334 0.30185185185185187 0.013541666666666667 0.020370370370370372
4 0.06666666666666667 0.38657407407407407 0.013541666666666667 0.021296296296296296
4 0.0546875 0.2652777777777778 0.0125 0.019444444444444445
5 0.49453125 0.4976851851851852 0.0109375 0.021296296296296296
5 0.3703125 0.5967592592592592 0.0125 0.017592592592592594
5 0.35104166666666664 0.7111111111111111 0.0125 0.018518518518518517
5 0.4552083333333333 0.40185185185185185 0.010416666666666666 0.018518518518518517
5 0.5502604166666667 0.35185185185185186 0.013020833333333334 0.020370370370370372
5 0.1890625 0.6833333333333333 0.0125 0.018518518518518517
5 0.4127604166666667 0.48333333333333334 0.011979166666666667 0.020370370370370372
5 0.5794270833333334 0.562037037037037 0.013020833333333334 0.022222222222222223
5 0.42604166666666665 0.6125 0.0125 0.019444444444444445
3 0.5177083333333333 0.6273148148148148 0.015625 0.025
3 0.3515625 0.6138888888888889 0.015625 0.025925925925925925
3 0.34479166666666666 0.5324074074074074 0.016666666666666666 0.024074074074074074
3 0.3645833333333333 0.5476851851851852 0.015625 0.023148148148148147
3 0.33880208333333334 0.5819444444444445 0.016145833333333335 0.025
5 0.3263020833333333 0.6138888888888889 0.015104166666666667 0.024074074074074074
5 0.2760416666666667 0.5819444444444445 0.015625 0.023148148148148147
5 0.2375 0.5189814814814815 0.015625 0.025
5 0.23802083333333332 0.5509259259259259 0.014583333333333334 0.024074074074074074
5 0.23697916666666666 0.4842592592592593 0.016666666666666666 0.024074074074074074
3 0.2734375 0.38564814814814813 0.015625 0.023148148148148147
3 0.2677083333333333 0.40324074074074073 0.016666666666666666 0.025
3 0.29296875 0.40185185185185185 0.0171875 0.025925925925925925
3 0.27317708333333335 0.31851851851851853 0.0171875 0.025925925925925925
3 0.2671875 0.3365740740740741 0.017708333333333333 0.026851851851851852
3 0.16432291666666668 0.3347222222222222 0.0171875 0.025
4 0.07734375 0.5037037037037037 0.016145833333333335 0.024074074074074074
4 0.07135416666666666 0.5199074074074074 0.015625 0.021296296296296296
5 0.0578125 0.5212962962962963 0.016666666666666666 0.022222222222222223
5 0.04505208333333333 0.5212962962962963 0.016145833333333335 0.024074074074074074
5 0.06796875 0.41944444444444445 0.016145833333333335 0.025925925925925925
5 0.04244791666666667 0.4203703703703704 0.015104166666666667 0.024074074074074074
5 0.0515625 0.31851851851851853 0.015625 0.025925925925925925
5 0.03984375 0.3523148148148148 0.016145833333333335 0.025
5 0.06979166666666667 0.3 0.016666666666666666 0.025925925925925925
3 0.57109375 0.7361111111111112 0.016145833333333335 0.024074074074074074
2 0.8033854166666666 0.2861111111111111 0.016145833333333335 0.025925925925925925
3 0.8015625 0.38472222222222224 0.015625 0.025
2 0.7908854166666667 0.8824074074074074 0.016145833333333335 0.024074074074074074
2 0.634375 0.9041666666666667 0.014583333333333334 0.023148148148148147
3 0.6182291666666667 0.7967592592592593 0.014583333333333334 0.021296296296296296
5 0.2643229166666667 0.712037037037037 0.016145833333333335 0.024074074074074074
3 0.11875 0.6685185185185185 0.016666666666666666 0.025925925925925925
3 0.11354166666666667 0.7171296296296297 0.014583333333333334 0.025
3 0.10260416666666666 0.8481481481481481 0.016666666666666666 0.024074074074074074
3 0.128125 0.8777777777777778 0.015625 0.024074074074074074
3 0.0609375 0.6861111111111111 0.015625 0.024074074074074074
3 0.07994791666666666 0.6041666666666666 0.015104166666666667 0.023148148148148147
3 0.13984375 0.7486111111111111 0.015104166666666667 0.023148148148148147
3 0.39453125 0.788425925925926 0.0140625 0.021296296296296296
3 0.4127604166666667 0.8041666666666667 0.015104166666666667 0.021296296296296296
3 0.44505208333333335 0.6282407407407408 0.015104166666666667 0.023148148148148147
3 0.4505208333333333 0.7407407407407407 0.014583333333333334 0.024074074074074074
3 0.41875 0.8185185185185185 0.015625 0.024074074074074074
3 0.38776041666666666 0.8976851851851851 0.015104166666666667 0.025
3 0.4552083333333333 0.8486111111111111 0.015625 0.025
6 0.4942708333333333 0.5884259259259259 0.9854166666666667 0.7953703703703704
