0 0.82890625 0.19583333333333333 0.0140625 0.021296296296296296
0 0.83984375 0.19444444444444445 0.015104166666666667 0.022222222222222223
0 0.8552083333333333 0.20925925925925926 0.013541666666666667 0.022222222222222223
0 0.8598958333333333 0.22546296296296298 0.014583333333333334 0.021296296296296296
0 0.86015625 0.2513888888888889 0.0140625 0.019444444444444445
0 0.8640625 0.2657407407407407 0.015625 0.024074074074074074
0 0.8591145833333333 0.2814814814814815 0.0140625 0.022222222222222223
0 0.16666666666666666 0.17916666666666667 0.014583333333333334 0.023148148148148147
0 0.16145833333333334 0.1935185185185185 0.013541666666666667 0.020370370370370372
0 0.1671875 0.20787037037037037 0.013541666666666667 0.023148148148148147
0 0.17239583333333333 0.2490740740740741 0.014583333333333334 0.020370370370370372
0 0.1578125 0.26296296296296295 0.014583333333333334 0.020370370370370372
0 0.12083333333333333 0.2222222222222222 0.014583333333333334 0.025925925925925925
0 0.12682291666666667 0.23703703703703705 0.0140625 0.022222222222222223
0 0.13255208333333332 0.25046296296296294 0.015104166666666667 0.021296296296296296
0 0.12578125 0.1787037037037037 0.013020833333333334 0.024074074074074074
0 0.11510416666666666 0.1787037037037037 0.014583333333333334 0.024074074074074074
0 0.10625 0.20925925925925926 0.0125 0.024074074074074074
1 0.6856770833333333 0.1814814814814815 0.016145833333333335 0.024074074074074074
1 0.6786458333333333 0.19675925925925927 0.015625 0.021296296296296296
1 0.6734375 0.2101851851851852 0.014583333333333334 0.024074074074074074
1 0.6778645833333333 0.22407407407407406 0.015104166666666667 0.024074074074074074
1 0.6841145833333333 0.2375 0.016145833333333335 0.023148148148148147
1 0.6786458333333333 0.2523148148148148 0.015625 0.023148148148148147
1 0.6734375 0.2671296296296296 0.015625 0.023148148148148147
1 0.6677083333333333 0.2810185185185185 0.016666666666666666 0.023148148148148147
1 0.67890625 0.2810185185185185 0.015104166666666667 0.025
1 0.6518229166666667 0.2662037037037037 0.016145833333333335 0.023148148148148147
1 0.64609375 0.28055555555555556 0.0140625 0.022222222222222223
1 0.6411458333333333 0.2949074074074074 0.013541666666666667 0.021296296296296296
1 0.7372395833333333 0.2949074074074074 0.016145833333333335 0.021296296296296296
1 0.7427083333333333 0.30925925925925923 0.015625 0.024074074074074074
1 0.7375 0.3236111111111111 0.015625 0.023148148148148147
1 0.7473958333333334 0.324537037037037 0.015625 0.025
1 0.7627604166666667 0.39444444444444443 0.015104166666666667 0.020370370370370372
1 0.7729166666666667 0.39444444444444443 0.014583333333333334 0.022222222222222223
1 0.7671875 0.4078703703703704 0.015625 0.021296296296296296
1 0.7625 0.4203703703703704 0.015625 0.020370370370370372
1 0.7830729166666667 0.4217592592592593 0.0140625 0.021296296296296296
1 0.7778645833333333 0.43425925925925923 0.015104166666666667 0.022222222222222223
1 0.7994791666666666 0.43333333333333335 0.014583333333333334 0.024074074074074074
1 0.8036458333333333 0.4476851851851852 0.015625 0.025
1 0.81484375 0.44814814814814813 0.0140625 0.022222222222222223
1 0.81953125 0.4615740740740741 0.015104166666666667 0.021296296296296296
1 0.8036458333333333 0.47638888888888886 0.015625 0.023148148148148147
1 0.803125 0.5041666666666667 0.014583333333333334 0.021296296296296296
1 0.7973958333333333 0.5171296296296296 0.014583333333333334 0.021296296296296296
1 0.8015625 0.5296296296296297 0.014583333333333334 0.020370370370370372
1 0.8166666666666667 0.5435185185185185 0.014583333333333334 0.022222222222222223
1 0.82734375 0.5430555555555555 0.015104166666666667 0.023148148148148147
1 0.8372395833333334 0.5430555555555555 0.0171875 0.023148148148148147
1 0.8489583333333334 0.5425925925925926 0.017708333333333333 0.024074074074074074
1 0.8440104166666667 0.5569444444444445 0.016145833333333335 0.021296296296296296
1 0.8486979166666667 0.5694444444444444 0.016145833333333335 0.020370370370370372
1 0.8424479166666666 0.5814814814814815 0.015104166666666667 0.024074074074074074
1 0.83671875 0.5958333333333333 0.015104166666666667 0.023148148148148147
1 0.84140625 0.6092592592592593 0.015104166666666667 0.022222222222222223
1 0.84609375 0.6208333333333333 0.016145833333333335 0.023148148148148147
1 0.8403645833333333 0.6356481481481482 0.015104166666666667 0.021296296296296296
1 0.8450520833333334 0.6476851851851851 0.015104166666666667 0.023148148148148147
1 0.8294270833333334 0.6620370370370371 0.016145833333333335 0.022222222222222223
1 0.8236979166666667 0.6759259259259259 0.0140625 0.022222222222222223
1 0.8338541666666667 0.6759259259259259 0.014583333333333334 0.024074074074074074
1 0.8283854166666667 0.6898148148148148 0.013020833333333334 0.022222222222222223
1 0.8484375 0.6884259259259259 0.014583333333333334 0.023148148148148147
1 0.8427083333333333 0.7023148148148148 0.014583333333333334 0.021296296296296296
1 0.7260416666666667 0.32314814814814813 0.016666666666666666 0.025925925925925925
1 0.73203125 0.337037037037037 0.015104166666666667 0.022222222222222223
1 0.73671875 0.3787037037037037 0.015104166666666667 0.022222222222222223
1 0.6893229166666667 0.30925925925925923 0.015104166666666667 0.022222222222222223
1 0.6997395833333333 0.30833333333333335 0.016145833333333335 0.020370370370370372
1 0.65703125 0.3087962962962963 0.015104166666666667 0.021296296296296296
1 0.35494791666666664 0.25555555555555554 0.0140625 0.020370370370370372
1 0.24348958333333334 0.2712962962962963 0.015104166666666667 0.022222222222222223
1 0.24869791666666666 0.2851851851851852 0.016145833333333335 0.027777777777777776
1 0.23828125 0.2851851851851852 0.0171875 0.025925925925925925
1 0.23359375 0.2986111111111111 0.016145833333333335 0.026851851851851852
1 0.23880208333333333 0.3143518518518518 0.015104166666666667 0.023148148148148147
1 0.24427083333333333 0.3287037037037037 0.015625 0.022222222222222223
1 0.22447916666666667 0.35694444444444445 0.014583333333333334 0.021296296296296296
1 0.2140625 0.3560185185185185 0.015625 0.021296296296296296
1 0.21770833333333334 0.2861111111111111 0.014583333333333334 0.024074074074074074
1 0.17734375 0.3439814814814815 0.015104166666666667 0.023148148148148147
1 0.1875 0.34305555555555556 0.016666666666666666 0.023148148148148147
1 0.19973958333333333 0.37222222222222223 0.015104166666666667 0.022222222222222223
1 0.20052083333333334 0.39861111111111114 0.014583333333333334 0.021296296296296296
1 0.1953125 0.41203703703703703 0.015625 0.022222222222222223
1 0.18541666666666667 0.4115740740740741 0.014583333333333334 0.021296296296296296
1 0.17604166666666668 0.4398148148148148 0.015625 0.022222222222222223
1 0.18619791666666666 0.4398148148148148 0.0140625 0.022222222222222223
1 0.1921875 0.4532407407407407 0.015625 0.021296296296296296
1 0.20234375 0.4550925925925926 0.015104166666666667 0.021296296296296296
1 0.19791666666666666 0.4675925925925926 0.015625 0.020370370370370372
1 0.18229166666666666 0.48055555555555557 0.014583333333333334 0.022222222222222223
1 0.18854166666666666 0.49444444444444446 0.015625 0.020370370370370372
1 0.18411458333333333 0.5083333333333333 0.015104166666666667 0.020370370370370372
1 0.18984375 0.5199074074074074 0.015104166666666667 0.021296296296296296
1 0.17526041666666667 0.5337962962962963 0.0140625 0.023148148148148147
1 0.18098958333333334 0.5476851851851852 0.0140625 0.023148148148148147
1 0.1921875 0.5736111111111111 0.014583333333333334 0.021296296296296296
1 0.20729166666666668 0.5611111111111111 0.014583333333333334 0.020370370370370372
1 0.20807291666666666 0.5875 0.0140625 0.019444444444444445
1 0.20286458333333332 0.6 0.0140625 0.020370370370370372
1 0.22369791666666666 0.600925925925926 0.0140625 0.020370370370370372
1 0.2296875 0.6134259259259259 0.014583333333333334 0.019444444444444445
1 0.22421875 0.6268518518518519 0.015104166666666667 0.022222222222222223
1 0.22005208333333334 0.6393518518518518 0.015104166666666667 0.019444444444444445
1 0.3216145833333333 0.638425925925926 0.0140625 0.021296296296296296
1 0.3424479166666667 0.6643518518518519 0.015104166666666667 0.021296296296296296
1 0.35833333333333334 0.6777777777777778 0.014583333333333334 0.022222222222222223
1 0.39166666666666666 0.21203703703703702 0.016666666666666666 0.022222222222222223
1 0.403125 0.2111111111111111 0.016666666666666666 0.024074074074074074
1 0.41354166666666664 0.2111111111111111 0.015625 0.024074074074074074
1 0.42473958333333334 0.2111111111111111 0.015104166666666667 0.024074074074074074
1 0.46822916666666664 0.21342592592592594 0.015625 0.025
1 0.64296875 0.6907407407407408 0.0140625 0.022222222222222223
1 0.6479166666666667 0.7041666666666667 0.015625 0.023148148148148147
1 0.66796875 0.7046296296296296 0.015104166666666667 0.022222222222222223
1 0.6783854166666666 0.7046296296296296 0.015104166666666667 0.022222222222222223
1 0.7302083333333333 0.7041666666666667 0.014583333333333334 0.019444444444444445
1 0.7505208333333333 0.7050925925925926 0.015625 0.023148148148148147
1 0.7611979166666667 0.7050925925925926 0.015104166666666667 0.023148148148148147
3 0.54375 0.5175925925925926 0.014583333333333334 0.022222222222222223
3 0.53828125 0.5328703703703703 0.015104166666666667 0.023148148148148147
3 0.54375 0.5453703703703704 0.014583333333333334 0.020370370370370372
3 0.5697916666666667 0.42314814814814816 0.014583333333333334 0.022222222222222223
3 0.5645833333333333 0.40879629629629627 0.014583333333333334 0.021296296296296296
3 0.5174479166666667 0.45046296296296295 0.015104166666666667 0.023148148148148147
3 0.5013020833333334 0.4101851851851852 0.0140625 0.022222222222222223
3 0.49635416666666665 0.3962962962962963 0.014583333333333334 0.022222222222222223
3 0.49661458333333336 0.4777777777777778 0.015104166666666667 0.022222222222222223
2 0.82109375 0.5833333333333334 0.0140625 0.022222222222222223
2 0.8260416666666667 0.5953703703703703 0.0125 0.018518518518518517
2 0.81171875 0.5300925925925926 0.011979166666666667 0.021296296296296296
2 0.80625 0.5430555555555555 0.013541666666666667 0.019444444444444445
2 0.8057291666666667 0.5703703703703704 0.013541666666666667 0.020370370370370372
2 0.8143229166666667 0.6226851851851852 0.0140625 0.021296296296296296
3 0.14609375 0.41388888888888886 0.0140625 0.020370370370370372
3 0.14140625 0.42685185185185187 0.0140625 0.020370370370370372
3 0.13671875 0.44074074074074077 0.0140625 0.022222222222222223
3 0.16223958333333333 0.4537037037037037 0.0140625 0.022222222222222223
3 0.125 0.3861111111111111 0.013541666666666667 0.022222222222222223
3 0.10989583333333333 0.3194444444444444 0.013541666666666667 0.022222222222222223
3 0.13515625 0.3055555555555556 0.0140625 0.024074074074074074
3 0.15416666666666667 0.3314814814814815 0.013541666666666667 0.020370370370370372
3 0.13958333333333334 0.34629629629629627 0.014583333333333334 0.022222222222222223
3 0.6666666666666666 0.36666666666666664 0.014583333333333334 0.024074074074074074
2 0.7296875 0.44907407407407407 0.014583333333333334 0.024074074074074074
2 0.740625 0.44907407407407407 0.014583333333333334 0.024074074074074074
2 0.7513020833333334 0.4486111111111111 0.015104166666666667 0.023148148148148147
2 0.7299479166666667 0.47685185185185186 0.015104166666666667 0.022222222222222223
2 0.7205729166666667 0.3939814814814815 0.015104166666666667 0.023148148148148147
2 0.7260416666666667 0.4074074074074074 0.014583333333333334 0.022222222222222223
2 0.7028645833333333 0.4634259259259259 0.015104166666666667 0.023148148148148147
2 0.7083333333333334 0.4773148148148148 0.014583333333333334 0.021296296296296296
2 0.68671875 0.47685185185185186 0.015104166666666667 0.022222222222222223
2 0.7078125 0.5041666666666667 0.014583333333333334 0.023148148148148147
2 0.7536458333333333 0.5703703703703704 0.013541666666666667 0.022222222222222223
2 0.75859375 0.5833333333333334 0.015104166666666667 0.020370370370370372
2 0.753125 0.5962962962962963 0.014583333333333334 0.022222222222222223
2 0.7682291666666666 0.6101851851851852 0.014583333333333334 0.022222222222222223
2 0.7372395833333333 0.6101851851851852 0.0140625 0.022222222222222223
2 0.7713541666666667 0.5041666666666667 0.014583333333333334 0.023148148148148147
6 0.5052083333333334 0.44305555555555554 0.8833333333333333 0.6935185185185185
