1 0.7533854166666667 0.4601851851851852 0.0109375 0.018518518518518517
1 0.7744791666666667 0.48703703703703705 0.0125 0.018518518518518517
1 0.7583333333333333 0.5013888888888889 0.011458333333333333 0.017592592592592594
1 0.77421875 0.5699074074074074 0.0109375 0.019444444444444445
1 0.76875 0.612037037037037 0.013541666666666667 0.020370370370370372
1 0.74609375 0.6388888888888888 0.0140625 0.022222222222222223
1 0.7572916666666667 0.6675925925925926 0.0125 0.020370370370370372
1 0.7736979166666667 0.6819444444444445 0.013020833333333334 0.021296296296296296
1 0.7265625 0.44675925925925924 0.013541666666666667 0.019444444444444445
1 0.7161458333333334 0.41759259259259257 0.0125 0.018518518518518517
1 0.678125 0.46111111111111114 0.0125 0.018518518518518517
1 0.6671875 0.48842592592592593 0.013541666666666667 0.019444444444444445
1 0.6567708333333333 0.5166666666666667 0.013541666666666667 0.020370370370370372
1 0.6721354166666667 0.5574074074074075 0.013020833333333334 0.020370370370370372
1 0.66171875 0.5856481481481481 0.011979166666666667 0.019444444444444445
1 0.6825520833333333 0.6125 0.013020833333333334 0.019444444444444445
1 0.67734375 0.6537037037037037 0.0109375 0.018518518518518517
1 0.678125 0.6814814814814815 0.0125 0.018518518518518517
1 0.6182291666666667 0.6402777777777777 0.011458333333333333 0.019444444444444445
1 0.6026041666666667 0.6259259259259259 0.011458333333333333 0.018518518518518517
1 0.6130208333333333 0.6814814814814815 0.011458333333333333 0.018518518518518517
1 0.6236979166666666 0.5439814814814815 0.011979166666666667 0.019444444444444445
1 0.6075520833333333 0.5569444444444445 0.011979166666666667 0.019444444444444445
1 0.6078125 0.4740740740740741 0.0125 0.020370370370370372
1 0.6236979166666666 0.3773148148148148 0.011979166666666667 0.021296296296296296
1 0.5643229166666667 0.36435185185185187 0.011979166666666667 0.019444444444444445
1 0.5703125 0.3787037037037037 0.011458333333333333 0.022222222222222223
1 0.5747395833333333 0.30833333333333335 0.013020833333333334 0.020370370370370372
1 0.5588541666666667 0.350462962962963 0.0125 0.019444444444444445
1 0.5635416666666667 0.2523148148148148 0.0125 0.023148148148148147
1 0.5588541666666667 0.21064814814814814 0.0125 0.021296296296296296
1 0.5427083333333333 0.225 0.0125 0.020370370370370372
1 0.53125 0.25324074074074077 0.013541666666666667 0.019444444444444445
1 0.53125 0.2810185185185185 0.013541666666666667 0.019444444444444445
1 0.49947916666666664 0.2824074074074074 0.013541666666666667 0.020370370370370372
1 0.46119791666666665 0.2689814814814815 0.013020833333333334 0.021296296296296296
1 0.44583333333333336 0.2828703703703704 0.013541666666666667 0.021296296296296296
1 0.44583333333333336 0.3111111111111111 0.013541666666666667 0.020370370370370372
1 0.4354166666666667 0.33935185185185185 0.0125 0.017592592592592594
1 0.425 0.39444444444444443 0.011458333333333333 0.016666666666666666
1 0.41432291666666665 0.42083333333333334 0.013020833333333334 0.019444444444444445
1 0.4309895833333333 0.462037037037037 0.011979166666666667 0.020370370370370372
1 0.4200520833333333 0.4888888888888889 0.011979166666666667 0.020370370370370372
1 0.42552083333333335 0.5296296296296297 0.011458333333333333 0.020370370370370372
1 0.409375 0.5439814814814815 0.0125 0.019444444444444445
1 0.43671875 0.5847222222222223 0.011979166666666667 0.017592592592592594
1 0.3731770833333333 0.5574074074074075 0.013020833333333334 0.020370370370370372
1 0.36223958333333334 0.5837962962962963 0.011979166666666667 0.017592592592592594
1 0.36666666666666664 0.4898148148148148 0.0125 0.018518518518518517
1 0.3611979166666667 0.44814814814814813 0.011979166666666667 0.018518518518518517
1 0.33515625 0.4898148148148148 0.011979166666666667 0.018518518518518517
1 0.31484375 0.4638888888888889 0.013020833333333334 0.020370370370370372
1 0.31536458333333334 0.5180555555555556 0.013020833333333334 0.019444444444444445
1 0.3255208333333333 0.5444444444444444 0.0125 0.018518518518518517
1 0.32578125 0.5708333333333333 0.011979166666666667 0.019444444444444445
1 0.33645833333333336 0.5967592592592592 0.011458333333333333 0.019444444444444445
1 0.31536458333333334 0.6263888888888889 0.0109375 0.017592592592592594
1 0.2734375 0.4912037037037037 0.0125 0.017592592592592594
1 0.25234375 0.5180555555555556 0.013020833333333334 0.019444444444444445
1 0.24661458333333333 0.5037037037037037 0.013020833333333334 0.020370370370370372
1 0.25677083333333334 0.5564814814814815 0.0125 0.020370370370370372
1 0.18463541666666666 0.5041666666666667 0.0109375 0.017592592592592594
1 0.21015625 0.5171296296296296 0.011979166666666667 0.019444444444444445
1 0.2109375 0.5444444444444444 0.0125 0.018518518518518517
1 0.21015625 0.5717592592592593 0.0109375 0.017592592592592594
1 0.21302083333333333 0.3662037037037037 0.0125 0.019444444444444445
1 0.22916666666666666 0.37962962962962965 0.013541666666666667 0.020370370370370372
1 0.19739583333333333 0.37962962962962965 0.0125 0.022222222222222223
1 0.21927083333333333 0.4078703703703704 0.0125 0.019444444444444445
1 0.209375 0.43287037037037035 0.011458333333333333 0.019444444444444445
1 0.21484375 0.26990740740740743 0.011979166666666667 0.017592592592592594
1 0.22864583333333333 0.20046296296296295 0.0125 0.017592592592592594
1 0.29296875 0.2013888888888889 0.011979166666666667 0.019444444444444445
1 0.278125 0.21481481481481482 0.013541666666666667 0.020370370370370372
1 0.27838541666666666 0.2972222222222222 0.013020833333333334 0.018518518518518517
5 0.20520833333333333 0.29768518518518516 0.011458333333333333 0.017592592592592594
5 0.22734375 0.325 0.0109375 0.018518518518518517
5 0.25494791666666666 0.1865740740740741 0.011979166666666667 0.017592592592592594
5 0.3807291666666667 0.22962962962962963 0.011458333333333333 0.016666666666666666
5 0.44453125 0.16898148148148148 0.011979166666666667 0.019444444444444445
5 0.44973958333333336 0.18333333333333332 0.011979166666666667 0.016666666666666666
5 0.43359375 0.2273148148148148 0.011979166666666667 0.01574074074074074
5 0.43385416666666665 0.16898148148148148 0.0125 0.019444444444444445
5 0.41328125 0.25601851851851853 0.011979166666666667 0.017592592592592594
5 0.5799479166666667 0.18101851851851852 0.0109375 0.01574074074074074
5 0.5908854166666667 0.18055555555555555 0.0109375 0.018518518518518517
5 0.5690104166666666 0.1814814814814815 0.0109375 0.016666666666666666
5 0.5911458333333334 0.3226851851851852 0.011458333333333333 0.01574074074074074
5 0.6119791666666666 0.43287037037037035 0.011458333333333333 0.017592592592592594
5 0.5265625 0.5981481481481481 0.010416666666666666 0.016666666666666666
5 0.5002604166666667 0.6680555555555555 0.0109375 0.01574074074074074
5 0.5216145833333333 0.7236111111111111 0.0109375 0.017592592592592594
5 0.5109375 0.7236111111111111 0.011458333333333333 0.01574074074074074
5 0.38515625 0.7236111111111111 0.011979166666666667 0.017592592592592594
3 0.41041666666666665 0.6532407407407408 0.0125 0.017592592592592594
3 0.4421875 0.6541666666666667 0.011458333333333333 0.019444444444444445
3 0.42135416666666664 0.6532407407407408 0.011458333333333333 0.019444444444444445
3 0.3536458333333333 0.6935185185185185 0.0125 0.018518518518518517
3 0.33697916666666666 0.6523148148148148 0.011458333333333333 0.017592592592592594
3 0.3059895833333333 0.6523148148148148 0.011979166666666667 0.017592592592592594
3 0.290625 0.638425925925926 0.011458333333333333 0.017592592592592594
3 0.290625 0.6657407407407407 0.011458333333333333 0.016666666666666666
4 0.29401041666666666 0.5708333333333333 0.0109375 0.017592592592592594
3 0.2638020833333333 0.5976851851851852 0.0109375 0.017592592592592594
5 0.24791666666666667 0.6106481481481482 0.011458333333333333 0.017592592592592594
5 0.2791666666666667 0.5583333333333333 0.011458333333333333 0.016666666666666666
3 0.25416666666666665 0.6509259259259259 0.011458333333333333 0.018518518518518517
3 0.26953125 0.6643518518518519 0.011979166666666667 0.017592592592592594
3 0.27005208333333336 0.6921296296296297 0.0109375 0.019444444444444445
3 0.18125 0.18703703703703703 0.0125 0.020370370370370372
3 0.16614583333333333 0.2023148148148148 0.011458333333333333 0.017592592592592594
3 0.17213541666666668 0.2152777777777778 0.0109375 0.017592592592592594
3 0.17786458333333333 0.22962962962962963 0.011979166666666667 0.018518518518518517
3 0.15677083333333333 0.2300925925925926 0.011458333333333333 0.017592592592592594
3 0.15807291666666667 0.2847222222222222 0.011979166666666667 0.017592592592592594
3 0.15911458333333334 0.31203703703703706 0.011979166666666667 0.018518518518518517
1 0.19010416666666666 0.3101851851851852 0.011458333333333333 0.016666666666666666
1 0.18177083333333333 0.36666666666666664 0.011458333333333333 0.014814814814814815
2 0.1515625 0.2708333333333333 0.010416666666666666 0.01574074074074074
2 0.9083333333333333 0.18981481481481483 0.0125 0.018518518518518517
2 0.9111979166666667 0.23425925925925925 0.011979166666666667 0.018518518518518517
2 0.9109375 0.12916666666666668 0.0125 0.021296296296296296
2 0.8645833333333334 0.13055555555555556 0.0125 0.018518518518518517
2 0.8419270833333333 0.13148148148148148 0.011979166666666667 0.020370370370370372
2 0.7744791666666667 0.13148148148148148 0.0125 0.018518518518518517
2 0.7854166666666667 0.13055555555555556 0.0125 0.018518518518518517
2 0.41901041666666666 0.13657407407407407 0.013020833333333334 0.021296296296296296
2 0.18151041666666667 0.13796296296296295 0.013020833333333334 0.020370370370370372
2 0.19296875 0.13935185185185187 0.0140625 0.019444444444444445
2 0.09088541666666666 0.17037037037037037 0.011979166666666667 0.018518518518518517
2 0.1015625 0.20092592592592592 0.0125 0.018518518518518517
2 0.09739583333333333 0.21666666666666667 0.011458333333333333 0.018518518518518517
2 0.09817708333333333 0.24537037037037038 0.011979166666666667 0.018518518518518517
2 0.09869791666666666 0.27361111111111114 0.011979166666666667 0.017592592592592594
2 0.08463541666666667 0.3148148148148148 0.011979166666666667 0.018518518518518517
2 0.09140625 0.35462962962962963 0.011979166666666667 0.016666666666666666
2 0.0875 0.39814814814814814 0.0125 0.018518518518518517
2 0.09401041666666667 0.43842592592592594 0.011979166666666667 0.017592592592592594
2 0.08958333333333333 0.47962962962962963 0.010416666666666666 0.016666666666666666
2 0.10078125 0.5060185185185185 0.0109375 0.017592592592592594
2 0.0984375 0.5722222222222222 0.011458333333333333 0.018518518518518517
2 0.10703125 0.5194444444444445 0.011979166666666667 0.018518518518518517
2 0.10520833333333333 0.637962962962963 0.010416666666666666 0.018518518518518517
2 0.11041666666666666 0.6782407407407407 0.011458333333333333 0.017592592592592594
6 0.49453125 0.42268518518518516 0.9203125 0.7342592592592593
