0 0.9065104166666667 0.20925925925925926 0.015104166666666667 0.020370370370370372
0 0.9151041666666667 0.21712962962962962 0.013541666666666667 0.023148148148148147
0 0.9205729166666666 0.2310185185185185 0.0140625 0.019444444444444445
0 0.91484375 0.24259259259259258 0.0140625 0.020370370370370372
0 0.91953125 0.25787037037037036 0.0140625 0.023148148148148147
0 0.9299479166666667 0.2324074074074074 0.011979166666666667 0.020370370370370372
0 0.9346354166666667 0.24537037037037038 0.013020833333333334 0.022222222222222223
0 0.9380208333333333 0.25972222222222224 0.013541666666666667 0.021296296296296296
0 0.9479166666666666 0.2625 0.013541666666666667 0.023148148148148147
0 0.9419270833333333 0.27824074074074073 0.0140625 0.025
1 0.83046875 0.25601851851851853 0.0140625 0.023148148148148147
1 0.8348958333333333 0.2712962962962963 0.013541666666666667 0.022222222222222223
1 0.8244791666666667 0.2708333333333333 0.013541666666666667 0.023148148148148147
1 0.8143229166666667 0.26990740740740743 0.015104166666666667 0.023148148148148147
1 0.803125 0.26990740740740743 0.013541666666666667 0.025
1 0.8078125 0.28564814814814815 0.014583333333333334 0.025
1 0.8177083333333334 0.2865740740740741 0.014583333333333334 0.023148148148148147
1 0.8122395833333333 0.30092592592592593 0.015104166666666667 0.022222222222222223
1 0.8158854166666667 0.3143518518518518 0.0140625 0.023148148148148147
1 0.8098958333333334 0.3287037037037037 0.013541666666666667 0.022222222222222223
1 0.8255208333333334 0.3449074074074074 0.013541666666666667 0.019444444444444445
1 0.81875 0.35648148148148145 0.014583333333333334 0.020370370370370372
1 0.83046875 0.3578703703703704 0.013020833333333334 0.019444444444444445
1 0.82421875 0.3712962962962963 0.0140625 0.022222222222222223
1 0.8348958333333333 0.3731481481481482 0.013541666666666667 0.020370370370370372
1 0.8286458333333333 0.3861111111111111 0.013541666666666667 0.020370370370370372
1 0.8184895833333333 0.3851851851851852 0.015104166666666667 0.022222222222222223
1 0.8223958333333333 0.39861111111111114 0.014583333333333334 0.019444444444444445
1 0.8364583333333333 0.412962962962963 0.014583333333333334 0.022222222222222223
1 0.8315104166666667 0.42685185185185187 0.0140625 0.020370370370370372
1 0.8247395833333333 0.44027777777777777 0.0140625 0.019444444444444445
1 0.8143229166666667 0.44027777777777777 0.013020833333333334 0.019444444444444445
1 0.8080729166666667 0.45416666666666666 0.013020833333333334 0.019444444444444445
1 0.81875 0.4532407407407407 0.0125 0.017592592592592594
1 0.8125 0.46805555555555556 0.0125 0.019444444444444445
1 0.8171875 0.48055555555555557 0.013541666666666667 0.018518518518518517
1 0.821875 0.49537037037037035 0.013541666666666667 0.020370370370370372
1 0.8158854166666667 0.5083333333333333 0.0140625 0.020370370370370372
1 0.82578125 0.5087962962962963 0.013020833333333334 0.019444444444444445
1 0.8197916666666667 0.5226851851851851 0.015625 0.021296296296296296
1 0.8140625 0.5356481481481481 0.013541666666666667 0.021296296296296296
1 0.81796875 0.549537037037037 0.0140625 0.021296296296296296
1 0.81875 0.6148148148148148 0.014583333333333334 0.020370370370370372
1 0.8223958333333333 0.6546296296296297 0.013541666666666667 0.020370370370370372
1 0.8111979166666666 0.7180555555555556 0.013020833333333334 0.017592592592592594
1 0.815625 0.7305555555555555 0.0125 0.018518518518518517
1 0.79375 0.600462962962963 0.013541666666666667 0.021296296296296296
1 0.7791666666666667 0.587037037037037 0.014583333333333334 0.022222222222222223
1 0.78359375 0.600462962962963 0.015104166666666667 0.019444444444444445
1 0.78203125 0.6263888888888889 0.0140625 0.021296296296296296
1 0.7473958333333334 0.5847222222222223 0.0125 0.019444444444444445
1 0.74140625 0.5976851851851852 0.013020833333333334 0.019444444444444445
1 0.74609375 0.611574074074074 0.0140625 0.019444444444444445
1 0.75 0.625462962962963 0.0125 0.019444444444444445
1 0.7450520833333333 0.6375 0.013020833333333334 0.021296296296296296
1 0.75546875 0.637962962962963 0.013020833333333334 0.022222222222222223
1 0.7674479166666667 0.6791666666666667 0.0140625 0.021296296296296296
1 0.7091145833333333 0.6226851851851852 0.015104166666666667 0.019444444444444445
1 0.7135416666666666 0.6356481481481482 0.014583333333333334 0.021296296296296296
1 0.7075520833333333 0.6472222222222223 0.015104166666666667 0.022222222222222223
1 0.69765625 0.6472222222222223 0.015104166666666667 0.018518518518518517
1 0.690625 0.6601851851851852 0.013541666666666667 0.020370370370370372
1 0.6861979166666666 0.5564814814814815 0.0140625 0.020370370370370372
1 0.6903645833333333 0.5699074074074074 0.015104166666666667 0.021296296296296296
1 0.6885416666666667 0.5027777777777778 0.013541666666666667 0.022222222222222223
1 0.6908854166666667 0.44814814814814813 0.015104166666666667 0.024074074074074074
1 0.6861979166666666 0.43425925925925923 0.015104166666666667 0.022222222222222223
1 0.6760416666666667 0.4064814814814815 0.015625 0.022222222222222223
1 0.6713541666666667 0.39166666666666666 0.014583333333333334 0.024074074074074074
1 0.6606770833333333 0.3907407407407407 0.016145833333333335 0.022222222222222223
1 0.65546875 0.3768518518518518 0.016145833333333335 0.024074074074074074
1 0.6388020833333333 0.3907407407407407 0.015104166666666667 0.022222222222222223
1 0.6341145833333334 0.3773148148148148 0.015104166666666667 0.023148148148148147
1 0.6283854166666667 0.3611111111111111 0.016145833333333335 0.024074074074074074
1 0.6296875 0.3337962962962963 0.014583333333333334 0.021296296296296296
1 0.6424479166666667 0.2763888888888889 0.016145833333333335 0.026851851851851852
1 0.6369791666666667 0.26064814814814813 0.015625 0.026851851851851852
1 0.62109375 0.275 0.015104166666666667 0.024074074074074074
1 0.6145833333333334 0.28935185185185186 0.014583333333333334 0.025
1 0.60859375 0.3037037037037037 0.016145833333333335 0.022222222222222223
1 0.6138020833333333 0.3189814814814815 0.016145833333333335 0.023148148148148147
1 0.61328125 0.34675925925925927 0.0171875 0.025
1 0.5986979166666667 0.275 0.015104166666666667 0.022222222222222223
1 0.5927083333333333 0.28888888888888886 0.015625 0.022222222222222223
1 0.5828125 0.22870370370370371 0.014583333333333334 0.022222222222222223
1 0.6052083333333333 0.22916666666666666 0.015625 0.025
1 0.5705729166666667 0.287962962962963 0.015104166666666667 0.022222222222222223
1 0.56484375 0.3023148148148148 0.015104166666666667 0.023148148148148147
1 0.5588541666666667 0.3162037037037037 0.016666666666666666 0.021296296296296296
1 0.5638020833333334 0.33194444444444443 0.016145833333333335 0.023148148148148147
1 0.5580729166666667 0.3449074074074074 0.016145833333333335 0.025
1 0.5638020833333334 0.3587962962962963 0.015104166666666667 0.021296296296296296
1 0.5578125 0.37222222222222223 0.016666666666666666 0.024074074074074074
1 0.5736979166666667 0.3875 0.016145833333333335 0.023148148148148147
1 0.5575520833333333 0.4 0.015104166666666667 0.022222222222222223
1 0.56171875 0.4148148148148148 0.015104166666666667 0.022222222222222223
1 0.5734375 0.41574074074074074 0.014583333333333334 0.022222222222222223
1 0.55625 0.4287037037037037 0.015625 0.022222222222222223
1 0.53046875 0.3574074074074074 0.016145833333333335 0.022222222222222223
1 0.5263020833333333 0.3449074074074074 0.015104166666666667 0.023148148148148147
1 0.5205729166666667 0.30092592592592593 0.015104166666666667 0.024074074074074074
1 0.5216145833333333 0.2726851851851852 0.015104166666666667 0.025
1 0.521875 0.20972222222222223 0.013541666666666667 0.023148148148148147
1 0.43411458333333336 0.2074074074074074 0.0140625 0.024074074074074074
1 0.4390625 0.22407407407407406 0.015625 0.024074074074074074
1 0.43359375 0.2388888888888889 0.0140625 0.022222222222222223
1 0.428125 0.2537037037037037 0.014583333333333334 0.020370370370370372
1 0.43333333333333335 0.26805555555555555 0.014583333333333334 0.021296296296296296
1 0.428125 0.28379629629629627 0.014583333333333334 0.021296296296296296
1 0.4393229166666667 0.2833333333333333 0.013020833333333334 0.022222222222222223
1 0.43385416666666665 0.29768518518518516 0.015625 0.021296296296296296
1 0.4395833333333333 0.31203703703703706 0.014583333333333334 0.020370370370370372
1 0.4390625 0.3398148148148148 0.015625 0.022222222222222223
1 0.44427083333333334 0.3537037037037037 0.014583333333333334 0.022222222222222223
1 0.42291666666666666 0.325 0.015625 0.022222222222222223
1 0.39557291666666666 0.33796296296296297 0.0140625 0.020370370370370372
1 0.39088541666666665 0.324537037037037 0.016145833333333335 0.021296296296296296
1 0.3848958333333333 0.3106481481481482 0.014583333333333334 0.021296296296296296
1 0.39036458333333335 0.26666666666666666 0.016145833333333335 0.022222222222222223
1 0.38515625 0.2523148148148148 0.016145833333333335 0.023148148148148147
1 0.3848958333333333 0.2222222222222222 0.013541666666666667 0.020370370370370372
1 0.34739583333333335 0.23796296296296296 0.014583333333333334 0.020370370370370372
1 0.35234375 0.25277777777777777 0.0140625 0.020370370370370372
1 0.3580729166666667 0.2671296296296296 0.0140625 0.021296296296296296
1 0.34765625 0.26666666666666666 0.015104166666666667 0.022222222222222223
1 0.3372395833333333 0.2675925925925926 0.015104166666666667 0.022222222222222223
1 0.3263020833333333 0.2675925925925926 0.015104166666666667 0.022222222222222223
1 0.32109375 0.2523148148148148 0.016145833333333335 0.023148148148148147
1 0.2950520833333333 0.29398148148148145 0.0140625 0.023148148148148147
1 0.28411458333333334 0.2935185185185185 0.015104166666666667 0.024074074074074074
1 0.28958333333333336 0.3074074074074074 0.016666666666666666 0.020370370370370372
1 0.28463541666666664 0.32083333333333336 0.0140625 0.021296296296296296
1 0.29010416666666666 0.3351851851851852 0.015625 0.022222222222222223
1 0.290625 0.36435185185185187 0.014583333333333334 0.023148148148148147
1 0.2859375 0.3768518518518518 0.015625 0.022222222222222223
1 0.29713541666666665 0.4050925925925926 0.015104166666666667 0.023148148148148147
1 0.2604166666666667 0.38981481481481484 0.015625 0.024074074074074074
1 0.22005208333333334 0.38842592592592595 0.015104166666666667 0.021296296296296296
1 0.22526041666666666 0.40185185185185185 0.015104166666666667 0.020370370370370372
1 0.23046875 0.4152777777777778 0.015104166666666667 0.021296296296296296
1 0.23619791666666667 0.4287037037037037 0.016145833333333335 0.022222222222222223
1 0.23125 0.44212962962962965 0.015625 0.023148148148148147
1 0.23619791666666667 0.45601851851851855 0.015104166666666667 0.023148148148148147
1 0.2375 0.4824074074074074 0.014583333333333334 0.022222222222222223
1 0.24244791666666668 0.49583333333333335 0.0140625 0.023148148148148147
1 0.24375 0.5212962962962963 0.014583333333333334 0.020370370370370372
1 0.23880208333333333 0.5342592592592592 0.015104166666666667 0.020370370370370372
1 0.234375 0.5476851851851852 0.015625 0.023148148148148147
1 0.23515625 0.5722222222222222 0.013020833333333334 0.020370370370370372
1 0.24036458333333333 0.5847222222222223 0.0140625 0.019444444444444445
1 0.24114583333333334 0.6097222222222223 0.014583333333333334 0.019444444444444445
1 0.23619791666666667 0.6226851851851852 0.013020833333333334 0.017592592592592594
1 0.24166666666666667 0.6351851851851852 0.0125 0.018518518518518517
1 0.23697916666666666 0.6481481481481481 0.0125 0.016666666666666666
1 0.22213541666666667 0.6587962962962963 0.0140625 0.017592592592592594
1 0.22135416666666666 0.6087962962962963 0.013541666666666667 0.019444444444444445
1 0.22005208333333334 0.5842592592592593 0.013020833333333334 0.018518518518518517
1 0.1953125 0.5689814814814815 0.0125 0.019444444444444445
1 0.20026041666666666 0.5819444444444445 0.0140625 0.021296296296296296
1 0.19583333333333333 0.5949074074074074 0.014583333333333334 0.023148148148148147
1 0.19140625 0.6069444444444444 0.0140625 0.021296296296296296
1 0.19583333333333333 0.6203703703703703 0.013541666666666667 0.020370370370370372
1 0.178125 0.5296296296296297 0.014583333333333334 0.020370370370370372
1 0.18333333333333332 0.5430555555555555 0.013541666666666667 0.019444444444444445
1 0.16484375 0.5662037037037037 0.013020833333333334 0.019444444444444445
1 0.17421875 0.6527777777777778 0.013020833333333334 0.018518518518518517
1 0.43854166666666666 0.6842592592592592 0.014583333333333334 0.022222222222222223
1 0.44765625 0.6851851851851852 0.0140625 0.020370370370370372
1 0.44375 0.6972222222222222 0.014583333333333334 0.020370370370370372
1 0.428125 0.6842592592592592 0.014583333333333334 0.020370370370370372
1 0.41744791666666664 0.6583333333333333 0.0140625 0.022222222222222223
1 0.39765625 0.6569444444444444 0.015104166666666667 0.021296296296296296
1 0.3927083333333333 0.6944444444444444 0.0125 0.016666666666666666
2 0.67421875 0.46111111111111114 0.0140625 0.020370370370370372
2 0.6609375 0.5152777777777777 0.013541666666666667 0.017592592592592594
2 0.6505208333333333 0.5143518518518518 0.0125 0.017592592592592594
2 0.6638020833333333 0.43333333333333335 0.013020833333333334 0.018518518518518517
2 0.6705729166666666 0.5416666666666666 0.013020833333333334 0.018518518518518517
2 0.6755208333333333 0.5550925925925926 0.0125 0.017592592592592594
2 0.66484375 0.5550925925925926 0.011979166666666667 0.017592592592592594
2 0.6481770833333333 0.5666666666666667 0.013020833333333334 0.018518518518518517
2 0.6497395833333334 0.5407407407407407 0.013020833333333334 0.018518518518518517
2 0.6372395833333333 0.5930555555555556 0.013020833333333334 0.01574074074074074
2 0.6309895833333333 0.6055555555555555 0.0140625 0.018518518518518517
2 0.6216145833333333 0.5787037037037037 0.0140625 0.018518518518518517
2 0.6377604166666667 0.5666666666666667 0.013020833333333334 0.018518518518518517
2 0.6125 0.5254629629629629 0.013541666666666667 0.019444444444444445
2 0.5953125 0.5643518518518519 0.014583333333333334 0.019444444444444445
2 0.5690104166666666 0.5513888888888889 0.0140625 0.021296296296296296
2 0.5533854166666666 0.5638888888888889 0.013020833333333334 0.018518518518518517
2 0.5635416666666667 0.5902777777777778 0.013541666666666667 0.017592592592592594
2 0.5572916666666666 0.6023148148148149 0.014583333333333334 0.019444444444444445
2 0.14010416666666667 0.3175925925925926 0.014583333333333334 0.018518518518518517
2 0.13541666666666666 0.33101851851851855 0.013541666666666667 0.019444444444444445
2 0.13072916666666667 0.3439814814814815 0.013541666666666667 0.019444444444444445
2 0.12526041666666668 0.33055555555555555 0.013020833333333334 0.020370370370370372
2 0.13177083333333334 0.27685185185185185 0.013541666666666667 0.022222222222222223
2 0.13645833333333332 0.26157407407407407 0.013541666666666667 0.021296296296296296
2 0.12578125 0.23333333333333334 0.013020833333333334 0.022222222222222223
2 0.14010416666666667 0.2175925925925926 0.013541666666666667 0.024074074074074074
2 0.11223958333333334 0.21898148148148147 0.013020833333333334 0.023148148148148147
2 0.11640625 0.23333333333333334 0.013020833333333334 0.020370370370370372
2 0.12109375 0.24814814814814815 0.013020833333333334 0.020370370370370372
2 0.12213541666666666 0.2763888888888889 0.013020833333333334 0.021296296296296296
2 0.11875 0.2902777777777778 0.0125 0.021296296296296296
2 0.11536458333333334 0.30462962962962964 0.011979166666666667 0.020370370370370372
2 0.11614583333333334 0.33101851851851855 0.0125 0.021296296296296296
3 0.16302083333333334 0.37222222222222223 0.014583333333333334 0.020370370370370372
3 0.15286458333333333 0.3712962962962963 0.013020833333333334 0.018518518518518517
3 0.14921875 0.38472222222222224 0.0140625 0.019444444444444445
3 0.15911458333333334 0.38472222222222224 0.013020833333333334 0.019444444444444445
3 0.13671875 0.3574074074074074 0.013020833333333334 0.020370370370370372
3 0.15 0.4097222222222222 0.013541666666666667 0.021296296296296296
3 0.13020833333333334 0.4111111111111111 0.013541666666666667 0.018518518518518517
3 0.14609375 0.42407407407407405 0.013020833333333334 0.020370370370370372
3 0.14088541666666668 0.43703703703703706 0.0140625 0.020370370370370372
3 0.13229166666666667 0.4638888888888889 0.013541666666666667 0.020370370370370372
3 0.14739583333333334 0.47685185185185186 0.0125 0.020370370370370372
3 0.14348958333333334 0.48935185185185187 0.011979166666666667 0.019444444444444445
3 0.14921875 0.5018518518518519 0.013020833333333334 0.018518518518518517
3 0.14453125 0.5152777777777777 0.013020833333333334 0.019444444444444445
3 0.14114583333333333 0.5282407407407408 0.0125 0.019444444444444445
3 0.13645833333333332 0.5407407407407407 0.0125 0.020370370370370372
2 0.6356770833333333 0.47314814814814815 0.0140625 0.022222222222222223
1 0.6208333333333333 0.4305555555555556 0.014583333333333334 0.024074074074074074
1 0.6151041666666667 0.44351851851851853 0.015625 0.024074074074074074
1 0.6203125 0.4587962962962963 0.014583333333333334 0.023148148148148147
1 0.6143229166666667 0.47175925925925927 0.016145833333333335 0.023148148148148147
2 0.5846354166666666 0.44166666666666665 0.015104166666666667 0.024074074074074074
2 0.5557291666666667 0.4546296296296296 0.0125 0.020370370370370372
2 0.5606770833333333 0.7162037037037037 0.0140625 0.019444444444444445
2 0.5453125 0.7282407407407407 0.013541666666666667 0.019444444444444445
2 0.53984375 0.7412037037037037 0.0140625 0.019444444444444445
2 0.55546875 0.7541666666666667 0.013020833333333334 0.017592592592592594
2 0.5145833333333333 0.7018518518518518 0.013541666666666667 0.018518518518518517
2 0.4890625 0.7125 0.013541666666666667 0.019444444444444445
2 0.3828125 0.6689814814814815 0.0125 0.017592592592592594
2 0.36796875 0.6796296296296296 0.013020833333333334 0.016666666666666666
2 0.36276041666666664 0.6921296296296297 0.013020833333333334 0.017592592592592594
2 0.35260416666666666 0.6662037037037037 0.013541666666666667 0.017592592592592594
2 0.3390625 0.1912037037037037 0.014583333333333334 0.019444444444444445
2 0.33645833333333336 0.20833333333333334 0.013541666666666667 0.018518518518518517
2 0.34661458333333334 0.20694444444444443 0.0140625 0.019444444444444445
2 0.8380208333333333 0.20694444444444443 0.014583333333333334 0.021296296296296296
2 0.8497395833333333 0.2064814814814815 0.015104166666666667 0.020370370370370372
2 0.8442708333333333 0.22268518518518518 0.014583333333333334 0.021296296296296296
6 0.5197916666666667 0.475462962962963 0.896875 0.7027777777777777
