3 0.8213541666666667 0.34120370370370373 0.013541666666666667 0.019444444444444445
3 0.82578125 0.35509259259259257 0.013020833333333334 0.017592592592592594
3 0.8302083333333333 0.3685185185185185 0.0125 0.018518518518518517
3 0.8348958333333333 0.3824074074074074 0.013541666666666667 0.018518518518518517
3 0.8291666666666667 0.39537037037037037 0.013541666666666667 0.018518518518518517
3 0.83359375 0.40925925925925927 0.0140625 0.020370370370370372
3 0.8330729166666667 0.43472222222222223 0.013020833333333334 0.017592592592592594
3 0.8416666666666667 0.4615740740740741 0.013541666666666667 0.019444444444444445
3 0.8463541666666666 0.475 0.013541666666666667 0.018518518518518517
3 0.8309895833333333 0.48703703703703705 0.0140625 0.018518518518518517
3 0.8354166666666667 0.5009259259259259 0.0125 0.020370370370370372
3 0.8296875 0.513425925925926 0.013541666666666667 0.019444444444444445
3 0.8338541666666667 0.5268518518518519 0.013541666666666667 0.018518518518518517
3 0.8286458333333333 0.5393518518518519 0.013541666666666667 0.017592592592592594
3 0.8236979166666667 0.5513888888888889 0.013020833333333334 0.019444444444444445
3 0.8276041666666667 0.5648148148148148 0.0125 0.018518518518518517
3 0.8166666666666667 0.5902777777777778 0.013541666666666667 0.017592592592592594
3 0.8213541666666667 0.6037037037037037 0.013541666666666667 0.018518518518518517
3 0.81640625 0.6166666666666667 0.013020833333333334 0.018518518518518517
3 0.8109375 0.6296296296296297 0.013541666666666667 0.018518518518518517
3 0.8057291666666667 0.6421296296296296 0.0125 0.017592592592592594
3 0.8104166666666667 0.6550925925925926 0.0125 0.019444444444444445
3 0.8145833333333333 0.6671296296296296 0.0125 0.017592592592592594
3 0.8088541666666667 0.6791666666666667 0.013541666666666667 0.017592592592592594
3 0.85390625 0.6930555555555555 0.013020833333333334 0.019444444444444445
3 0.7955729166666666 0.32731481481481484 0.013020833333333334 0.017592592592592594
3 0.8005208333333333 0.34120370370370373 0.014583333333333334 0.017592592592592594
3 0.7916666666666666 0.3138888888888889 0.014583333333333334 0.018518518518518517
3 0.78203125 0.28703703703703703 0.013020833333333334 0.018518518518518517
3 0.7721354166666666 0.28703703703703703 0.011979166666666667 0.018518518518518517
3 0.7940104166666667 0.2324074074074074 0.013020833333333334 0.018518518518518517
3 0.7794270833333333 0.21851851851851853 0.013020833333333334 0.020370370370370372
3 0.72265625 0.2037037037037037 0.013020833333333334 0.020370370370370372
3 0.7171875 0.21712962962962962 0.0125 0.017592592592592594
3 0.7216145833333333 0.2300925925925926 0.013020833333333334 0.017592592592592594
3 0.71640625 0.24351851851851852 0.013020833333333334 0.018518518518518517
3 0.6247395833333333 0.18935185185185185 0.013020833333333334 0.019444444444444445
3 0.6294270833333333 0.20185185185185187 0.013020833333333334 0.016666666666666666
3 0.6341145833333334 0.21481481481481482 0.013020833333333334 0.016666666666666666
3 0.6283854166666667 0.22916666666666666 0.013020833333333334 0.017592592592592594
3 0.5721354166666667 0.1884259259259259 0.013020833333333334 0.019444444444444445
3 0.5669270833333333 0.2013888888888889 0.013020833333333334 0.017592592592592594
3 0.5559895833333334 0.2013888888888889 0.013020833333333334 0.019444444444444445
3 0.5716145833333334 0.21435185185185185 0.013020833333333334 0.017592592592592594
4 0.8510416666666667 0.24768518518518517 0.0125 0.019444444444444445
4 0.8567708333333334 0.23425925925925925 0.013541666666666667 0.020370370370370372
4 0.8502604166666666 0.274537037037037 0.0140625 0.017592592592592594
4 0.84453125 0.287962962962963 0.013020833333333334 0.020370370370370372
4 0.8640625 0.31527777777777777 0.0125 0.019444444444444445
3 0.49322916666666666 0.17083333333333334 0.013541666666666667 0.023148148148148147
3 0.48776041666666664 0.18518518518518517 0.0140625 0.020370370370370372
3 0.49322916666666666 0.19953703703703704 0.013541666666666667 0.019444444444444445
3 0.4315104166666667 0.1699074074074074 0.013020833333333334 0.021296296296296296
3 0.4361979166666667 0.18611111111111112 0.013020833333333334 0.020370370370370372
3 0.40989583333333335 0.1685185185185185 0.014583333333333334 0.022222222222222223
3 0.4203125 0.19768518518518519 0.013541666666666667 0.019444444444444445
5 0.4908854166666667 0.4949074074074074 0.011979166666666667 0.019444444444444445
5 0.49609375 0.5078703703703704 0.0140625 0.017592592592592594
5 0.49557291666666664 0.5347222222222222 0.013020833333333334 0.019444444444444445
5 0.490625 0.5476851851851852 0.0125 0.019444444444444445
5 0.48125 0.44166666666666665 0.013541666666666667 0.018518518518518517
5 0.49192708333333335 0.36203703703703705 0.0140625 0.020370370370370372
5 0.49270833333333336 0.30833333333333335 0.013541666666666667 0.020370370370370372
5 0.4822916666666667 0.3351851851851852 0.013541666666666667 0.020370370370370372
5 0.42526041666666664 0.34814814814814815 0.013020833333333334 0.020370370370370372
5 0.42994791666666665 0.387037037037037 0.013020833333333334 0.020370370370370372
5 0.44088541666666664 0.2800925925925926 0.013020833333333334 0.019444444444444445
5 0.425 0.2662037037037037 0.013541666666666667 0.019444444444444445
5 0.39375 0.2662037037037037 0.013541666666666667 0.019444444444444445
5 0.3885416666666667 0.2791666666666667 0.013541666666666667 0.019444444444444445
5 0.36796875 0.22407407407407406 0.013020833333333334 0.020370370370370372
5 0.38333333333333336 0.3476851851851852 0.013541666666666667 0.021296296296296296
5 0.38333333333333336 0.47962962962962963 0.015625 0.020370370370370372
5 0.30520833333333336 0.2777777777777778 0.014583333333333334 0.020370370370370372
5 0.30026041666666664 0.2912037037037037 0.013020833333333334 0.021296296296296296
