1 0.44479166666666664 0.23796296296296296 0.0125 0.018518518518518517
1 0.4505208333333333 0.25324074074074077 0.011458333333333333 0.019444444444444445
1 0.4552083333333333 0.2675925925925926 0.011458333333333333 0.018518518518518517
1 0.4609375 0.2814814814814815 0.0125 0.020370370370370372
1 0.4557291666666667 0.2967592592592593 0.0125 0.021296296296296296
1 0.43411458333333336 0.2953703703703704 0.013020833333333334 0.018518518518518517
1 0.4453125 0.32592592592592595 0.011458333333333333 0.020370370370370372
1 0.4278645833333333 0.2523148148148148 0.011979166666666667 0.019444444444444445
1 0.4270833333333333 0.16342592592592592 0.0125 0.019444444444444445
1 0.4158854166666667 0.1935185185185185 0.013020833333333334 0.020370370370370372
1 0.4049479166666667 0.2222222222222222 0.013020833333333334 0.018518518518518517
1 0.42239583333333336 0.32592592592592595 0.011458333333333333 0.016666666666666666
1 0.4278645833333333 0.3398148148148148 0.011979166666666667 0.020370370370370372
1 0.44557291666666665 0.38564814814814813 0.011979166666666667 0.019444444444444445
1 0.44583333333333336 0.41435185185185186 0.0125 0.019444444444444445
1 0.4953125 0.4847222222222222 0.011458333333333333 0.017592592592592594
1 0.4901041666666667 0.4986111111111111 0.011458333333333333 0.019444444444444445
1 0.4901041666666667 0.5546296296296296 0.011458333333333333 0.018518518518518517
1 0.484375 0.5699074074074074 0.0125 0.017592592592592594
1 0.4895833333333333 0.5828703703703704 0.011458333333333333 0.017592592592592594
1 0.49505208333333334 0.5958333333333333 0.0109375 0.019444444444444445
1 0.4895833333333333 0.6111111111111112 0.011458333333333333 0.018518518518518517
1 0.49557291666666664 0.34120370370370373 0.011979166666666667 0.017592592592592594
1 0.3880208333333333 0.18055555555555555 0.011458333333333333 0.018518518518518517
1 0.39921875 0.17962962962962964 0.011979166666666667 0.018518518518518517
1 0.38255208333333335 0.19444444444444445 0.011979166666666667 0.016666666666666666
1 0.3890625 0.2689814814814815 0.0125 0.017592592592592594
1 0.36692708333333335 0.29814814814814816 0.011979166666666667 0.020370370370370372
1 0.37786458333333334 0.3277777777777778 0.011979166666666667 0.018518518518518517
1 0.378125 0.35648148148148145 0.0125 0.020370370370370372
1 0.40625 0.37037037037037035 0.0125 0.018518518518518517
1 0.34401041666666665 0.20972222222222223 0.011979166666666667 0.017592592592592594
1 0.3104166666666667 0.2689814814814815 0.0125 0.019444444444444445
1 0.31614583333333335 0.3138888888888889 0.011458333333333333 0.018518518518518517
1 0.32734375 0.31157407407407406 0.011979166666666667 0.019444444444444445
1 0.3223958333333333 0.32685185185185184 0.011458333333333333 0.020370370370370372
1 0.8833333333333333 0.34120370370370373 0.0125 0.019444444444444445
1 0.8848958333333333 0.28379629629629627 0.011458333333333333 0.019444444444444445
1 0.8677083333333333 0.2972222222222222 0.011458333333333333 0.020370370370370372
1 0.8776041666666666 0.35648148148148145 0.010416666666666666 0.018518518518518517
1 0.8018229166666667 0.23981481481481481 0.013020833333333334 0.020370370370370372
1 0.7958333333333333 0.25277777777777777 0.013541666666666667 0.020370370370370372
1 0.7841145833333333 0.28194444444444444 0.0140625 0.019444444444444445
1 0.8111979166666666 0.35555555555555557 0.011979166666666667 0.018518518518518517
1 0.7934895833333333 0.3990740740740741 0.011979166666666667 0.020370370370370372
1 0.7822916666666667 0.39814814814814814 0.0125 0.018518518518518517
1 0.8033854166666666 0.42685185185185187 0.011979166666666667 0.018518518518518517
1 0.8135416666666667 0.45555555555555555 0.0125 0.018518518518518517
1 0.8140625 0.4842592592592593 0.0125 0.020370370370370372
1 0.8127604166666667 0.5115740740740741 0.011979166666666667 0.019444444444444445
1 0.8177083333333334 0.5541666666666667 0.011458333333333333 0.019444444444444445
1 0.8151041666666666 0.6101851851851852 0.0125 0.020370370370370372
1 0.8098958333333334 0.6532407407407408 0.0125 0.019444444444444445
1 0.7932291666666667 0.6662037037037037 0.0125 0.019444444444444445
1 0.6651041666666667 0.4981481481481482 0.0125 0.020370370370370372
2 0.09036458333333333 0.37037037037037035 0.0109375 0.018518518518518517
2 0.08541666666666667 0.38472222222222224 0.011458333333333333 0.017592592592592594
2 0.0859375 0.412962962962963 0.011458333333333333 0.018518518518518517
2 0.07552083333333333 0.412962962962963 0.0125 0.018518518518518517
2 0.07578125 0.4412037037037037 0.011979166666666667 0.017592592592592594
2 0.08177083333333333 0.4550925925925926 0.011458333333333333 0.017592592592592594
2 0.08723958333333333 0.46805555555555556 0.011979166666666667 0.017592592592592594
2 0.08802083333333334 0.49722222222222223 0.011458333333333333 0.018518518518518517
2 0.09348958333333333 0.5111111111111111 0.0109375 0.018518518518518517
2 0.09401041666666667 0.5393518518518519 0.0109375 0.019444444444444445
2 0.07786458333333333 0.5259259259259259 0.011979166666666667 0.018518518518518517
2 0.084375 0.5666666666666667 0.011458333333333333 0.018518518518518517
2 0.1 0.5810185185185185 0.011458333333333333 0.017592592592592594
2 0.10052083333333334 0.6083333333333333 0.011458333333333333 0.016666666666666666
2 0.10755208333333334 0.6773148148148148 0.011979166666666667 0.017592592592592594
2 0.3263020833333333 0.16527777777777777 0.013020833333333334 0.021296296296296296
2 0.3377604166666667 0.16527777777777777 0.011979166666666667 0.021296296296296296
2 0.3151041666666667 0.16574074074074074 0.013541666666666667 0.020370370370370372
2 0.31015625 0.1814814814814815 0.013020833333333334 0.018518518518518517
2 0.2986979166666667 0.15231481481481482 0.013020833333333334 0.017592592592592594
2 0.2989583333333333 0.18101851851851852 0.0125 0.019444444444444445
2 0.29348958333333336 0.19537037037037036 0.013020833333333334 0.020370370370370372
2 0.8239583333333333 0.1814814814814815 0.0125 0.018518518518518517
2 0.8356770833333333 0.1814814814814815 0.013020833333333334 0.020370370370370372
2 0.8130208333333333 0.18287037037037038 0.0125 0.019444444444444445
2 0.81875 0.19675925925925927 0.0125 0.017592592592592594
2 0.9166666666666666 0.44027777777777777 0.011458333333333333 0.019444444444444445
2 0.91484375 0.5541666666666667 0.013020833333333334 0.019444444444444445
2 0.81796875 0.7083333333333334 0.011979166666666667 0.016666666666666666
3 0.15546875 0.6361111111111111 0.011979166666666667 0.018518518518518517
3 0.15104166666666666 0.6773148148148148 0.0125 0.017592592592592594
3 0.16197916666666667 0.6773148148148148 0.011458333333333333 0.019444444444444445
3 0.12890625 0.6768518518518518 0.011979166666666667 0.018518518518518517
3 0.23645833333333333 0.6791666666666667 0.0125 0.017592592592592594
3 0.24791666666666667 0.6787037037037037 0.011458333333333333 0.018518518518518517
3 0.225 0.6787037037037037 0.0125 0.020370370370370372
3 0.215625 0.6782407407407407 0.011458333333333333 0.019444444444444445
3 0.22161458333333334 0.6921296296296297 0.0109375 0.019444444444444445
3 0.22864583333333333 0.5814814814814815 0.011458333333333333 0.018518518518518517
3 0.21848958333333332 0.5810185185185185 0.011979166666666667 0.017592592592592594
3 0.22369791666666666 0.5949074074074074 0.013020833333333334 0.017592592592592594
3 0.22916666666666666 0.5254629629629629 0.011458333333333333 0.019444444444444445
3 0.23307291666666666 0.45555555555555555 0.011979166666666667 0.018518518518518517
3 0.2359375 0.3282407407407407 0.0125 0.019444444444444445
3 0.24114583333333334 0.31342592592592594 0.013541666666666667 0.019444444444444445
3 0.22421875 0.29814814814814816 0.011979166666666667 0.018518518518518517
3 0.19635416666666666 0.2851851851851852 0.0125 0.016666666666666666
3 0.21328125 0.3277777777777778 0.011979166666666667 0.020370370370370372
3 0.3338541666666667 0.35648148148148145 0.0125 0.020370370370370372
3 0.34479166666666666 0.3560185185185185 0.0125 0.019444444444444445
3 0.35052083333333334 0.36944444444444446 0.0125 0.018518518518518517
3 0.3184895833333333 0.37037037037037035 0.011979166666666667 0.018518518518518517
3 0.31276041666666665 0.38472222222222224 0.013020833333333334 0.019444444444444445
3 0.3234375 0.38472222222222224 0.0125 0.019444444444444445
3 0.34010416666666665 0.39814814814814814 0.0125 0.016666666666666666
3 0.3184895833333333 0.45601851851851855 0.011979166666666667 0.017592592592592594
3 0.35130208333333335 0.45601851851851855 0.011979166666666667 0.019444444444444445
3 0.3294270833333333 0.4842592592592593 0.011979166666666667 0.016666666666666666
3 0.32473958333333336 0.525 0.011979166666666667 0.016666666666666666
3 0.3078125 0.3990740740740741 0.0125 0.018518518518518517
3 0.4625 0.4564814814814815 0.0125 0.018518518518518517
3 0.47317708333333336 0.4564814814814815 0.0109375 0.018518518518518517
3 0.4674479166666667 0.4708333333333333 0.011979166666666667 0.01574074074074074
3 0.8770833333333333 0.5120370370370371 0.011458333333333333 0.016666666666666666
3 0.8770833333333333 0.5416666666666666 0.010416666666666666 0.018518518518518517
3 0.89296875 0.5550925925925926 0.0109375 0.017592592592592594
3 0.8869791666666667 0.5694444444444444 0.010416666666666666 0.016666666666666666
3 0.8921875 0.5828703703703704 0.010416666666666666 0.017592592592592594
5 0.52265625 0.4981481481481482 0.0109375 0.018518518518518517
5 0.5330729166666667 0.5268518518518519 0.011979166666666667 0.016666666666666666
5 0.55 0.42824074074074076 0.0125 0.017592592592592594
5 0.5278645833333333 0.42777777777777776 0.011979166666666667 0.018518518518518517
5 0.53359375 0.38472222222222224 0.0109375 0.017592592592592594
5 0.4895833333333333 0.38564814814814813 0.010416666666666666 0.017592592592592594
5 0.478125 0.3851851851851852 0.011458333333333333 0.016666666666666666
5 0.4669270833333333 0.38425925925925924 0.011979166666666667 0.016666666666666666
5 0.4622395833333333 0.4287037037037037 0.0109375 0.016666666666666666
5 0.36770833333333336 0.4125 0.0125 0.017592592592592594
5 0.41848958333333336 0.5407407407407407 0.011979166666666667 0.014814814814814815
5 0.40703125 0.5412037037037037 0.011979166666666667 0.017592592592592594
5 0.5981770833333333 0.6675925925925926 0.0109375 0.016666666666666666
5 0.6143229166666667 0.6810185185185185 0.011979166666666667 0.017592592592592594
5 0.659375 0.5412037037037037 0.011458333333333333 0.017592592592592594
5 0.7184895833333333 0.5550925925925926 0.011979166666666667 0.017592592592592594
5 0.70234375 0.5972222222222222 0.011979166666666667 0.018518518518518517
3 0.3854166666666667 0.5689814814814815 0.0125 0.017592592592592594
3 0.3802083333333333 0.5837962962962963 0.011458333333333333 0.017592592592592594
3 0.39088541666666665 0.5837962962962963 0.011979166666666667 0.017592592592592594
3 0.40182291666666664 0.5833333333333334 0.013020833333333334 0.016666666666666666
3 0.3854166666666667 0.5972222222222222 0.0125 0.020370370370370372
3 0.39114583333333336 0.611574074074074 0.011458333333333333 0.017592592592592594
3 0.40182291666666664 0.637962962962963 0.011979166666666667 0.018518518518518517
3 0.39140625 0.6388888888888888 0.011979166666666667 0.018518518518518517
3 0.396875 0.6523148148148148 0.011458333333333333 0.017592592592592594
3 0.37526041666666665 0.6240740740740741 0.011979166666666667 0.018518518518518517
3 0.35833333333333334 0.5833333333333334 0.0125 0.018518518518518517
3 0.36328125 0.5694444444444444 0.0109375 0.018518518518518517
3 0.3307291666666667 0.5953703703703703 0.011458333333333333 0.020370370370370372
3 0.3203125 0.5962962962962963 0.011458333333333333 0.018518518518518517
3 0.3151041666666667 0.6097222222222223 0.0125 0.017592592592592594
3 0.32083333333333336 0.6236111111111111 0.011458333333333333 0.019444444444444445
3 0.5440104166666667 0.6111111111111112 0.011979166666666667 0.018518518518518517
3 0.5546875 0.6111111111111112 0.0125 0.018518518518518517
3 0.5541666666666667 0.6393518518518518 0.0125 0.017592592592592594
3 0.5598958333333334 0.6527777777777778 0.011458333333333333 0.016666666666666666
3 0.565625 0.6666666666666666 0.010416666666666666 0.016666666666666666
5 0.5330729166666667 0.638425925925926 0.013020833333333334 0.017592592592592594
5 0.5434895833333333 0.6944444444444444 0.0109375 0.016666666666666666
2 0.753125 0.11851851851851852 0.013541666666666667 0.018518518518518517
2 0.7911458333333333 0.15138888888888888 0.0125 0.017592592592592594
2 0.7908854166666667 0.18194444444444444 0.013020833333333334 0.019444444444444445
6 0.48984375 0.41898148148148145 0.9296875 0.7342592592592593
