1 0.15026041666666667 0.4356481481481482 0.009895833333333333 0.01574074074074074
1 0.16536458333333334 0.44814814814814813 0.009895833333333333 0.016666666666666666
1 0.15625 0.47314814814814815 0.010416666666666666 0.018518518518518517
1 0.171875 0.4861111111111111 0.011458333333333333 0.016666666666666666
1 0.153125 0.5106481481481482 0.010416666666666666 0.01574074074074074
1 0.175 0.5601851851851852 0.010416666666666666 0.016666666666666666
1 0.15755208333333334 0.5837962962962963 0.009895833333333333 0.017592592592592594
1 0.17734375 0.6087962962962963 0.0109375 0.01574074074074074
1 0.28828125 0.6236111111111111 0.0109375 0.017592592592592594
1 0.259375 0.6240740740740741 0.010416666666666666 0.016666666666666666
1 0.284375 0.6606481481481481 0.010416666666666666 0.01574074074074074
1 0.2755208333333333 0.6851851851851852 0.010416666666666666 0.016666666666666666
1 0.1703125 0.6578703703703703 0.010416666666666666 0.01574074074074074
1 0.15729166666666666 0.6703703703703704 0.010416666666666666 0.016666666666666666
1 0.14505208333333333 0.5347222222222222 0.0109375 0.017592592592592594
1 0.5080729166666667 0.3578703703703704 0.0109375 0.019444444444444445
1 0.5078125 0.38425925925925924 0.010416666666666666 0.018518518518518517
1 0.5182291666666666 0.4097222222222222 0.010416666666666666 0.017592592592592594
1 0.5546875 0.29074074074074074 0.010416666666666666 0.016666666666666666
1 0.575 0.2912037037037037 0.011458333333333333 0.01574074074074074
1 0.47239583333333335 0.31712962962962965 0.011458333333333333 0.017592592592592594
1 0.4622395833333333 0.31712962962962965 0.0109375 0.017592592592592594
1 0.47213541666666664 0.34305555555555556 0.0109375 0.017592592592592594
1 0.45755208333333336 0.3837962962962963 0.0109375 0.01574074074074074
1 0.4421875 0.3962962962962963 0.011458333333333333 0.018518518518518517
1 0.40703125 0.3300925925925926 0.011979166666666667 0.017592592592592594
1 0.39088541666666665 0.37037037037037035 0.0109375 0.016666666666666666
1 0.33489583333333334 0.33055555555555555 0.011458333333333333 0.016666666666666666
1 0.3145833333333333 0.33194444444444443 0.011458333333333333 0.017592592592592594
1 0.28567708333333336 0.3587962962962963 0.011979166666666667 0.017592592592592594
1 0.3106770833333333 0.37175925925925923 0.0109375 0.017592592592592594
1 0.2911458333333333 0.22407407407407406 0.010416666666666666 0.014814814814814815
1 0.3125 0.2518518518518518 0.011458333333333333 0.018518518518518517
1 0.25625 0.23796296296296296 0.010416666666666666 0.016666666666666666
1 0.20703125 0.26481481481481484 0.009895833333333333 0.014814814814814815
1 0.21666666666666667 0.26481481481481484 0.011458333333333333 0.016666666666666666
1 0.18255208333333334 0.27824074074074073 0.0109375 0.017592592592592594
1 0.15338541666666666 0.27870370370370373 0.009895833333333333 0.016666666666666666
1 0.16848958333333333 0.29259259259259257 0.0109375 0.018518518518518517
1 0.13072916666666667 0.3194444444444444 0.010416666666666666 0.016666666666666666
1 0.16119791666666666 0.3439814814814815 0.0109375 0.017592592592592594
1 0.16223958333333333 0.37037037037037035 0.0109375 0.016666666666666666
1 0.12890625 0.38287037037037036 0.009895833333333333 0.01574074074074074
1 0.1359375 0.44675925925925924 0.010416666666666666 0.01574074074074074
3 0.6083333333333333 0.4888888888888889 0.010416666666666666 0.016666666666666666
3 0.61328125 0.5018518518518519 0.0109375 0.018518518518518517
3 0.5989583333333334 0.4634259259259259 0.011458333333333333 0.017592592592592594
1 0.5083333333333333 0.4356481481481482 0.010416666666666666 0.017592592592592594
3 0.6578125 0.5143518518518518 0.010416666666666666 0.017592592592592594
3 0.6479166666666667 0.5143518518518518 0.010416666666666666 0.017592592592592594
3 0.6473958333333333 0.5402777777777777 0.011458333333333333 0.017592592592592594
3 0.6421875 0.5518518518518518 0.010416666666666666 0.016666666666666666
3 0.6611979166666667 0.5768518518518518 0.009895833333333333 0.016666666666666666
3 0.6372395833333333 0.5652777777777778 0.0109375 0.017592592592592594
3 0.64609375 0.5893518518518519 0.009895833333333333 0.017592592592592594
3 0.6609375 0.6023148148148149 0.010416666666666666 0.019444444444444445
3 0.6213541666666667 0.6018518518518519 0.010416666666666666 0.016666666666666666
3 0.63125 0.6023148148148149 0.010416666666666666 0.017592592592592594
3 0.6453125 0.6388888888888888 0.010416666666666666 0.016666666666666666
3 0.6645833333333333 0.6388888888888888 0.011458333333333333 0.016666666666666666
3 0.65 0.6518518518518519 0.011458333333333333 0.016666666666666666
3 0.6296875 0.6759259259259259 0.010416666666666666 0.016666666666666666
3 0.6200520833333333 0.700462962962963 0.0109375 0.017592592592592594
3 0.8020833333333334 0.6643518518518519 0.010416666666666666 0.017592592592592594
3 0.7708333333333334 0.687962962962963 0.010416666666666666 0.016666666666666666
3 0.7596354166666667 0.7129629629629629 0.0109375 0.016666666666666666
3 0.8296875 0.6023148148148149 0.009375 0.017592592592592594
3 0.7997395833333333 0.6018518518518519 0.009895833333333333 0.016666666666666666
3 0.79765625 0.5152777777777777 0.009895833333333333 0.01574074074074074
3 0.8265625 0.45046296296296295 0.010416666666666666 0.017592592592592594
3 0.8309895833333333 0.46435185185185185 0.009895833333333333 0.017592592592592594
3 0.7854166666666667 0.4513888888888889 0.009375 0.017592592592592594
3 0.7505208333333333 0.43842592592592594 0.010416666666666666 0.017592592592592594
3 0.7361979166666667 0.42592592592592593 0.0109375 0.018518518518518517
3 0.49322916666666666 0.39814814814814814 0.0125 0.018518518518518517
3 0.48723958333333334 0.27824074074074073 0.0109375 0.017592592592592594
2 0.09505208333333333 0.3712962962962963 0.0109375 0.016666666666666666
2 0.09348958333333333 0.2523148148148148 0.0109375 0.017592592592592594
2 0.09192708333333334 0.29259259259259257 0.0109375 0.016666666666666666
2 0.09609375 0.3972222222222222 0.0109375 0.014814814814814815
2 0.09739583333333333 0.4222222222222222 0.010416666666666666 0.016666666666666666
2 0.11171875 0.4351851851851852 0.009895833333333333 0.016666666666666666
2 0.10755208333333334 0.44722222222222224 0.009895833333333333 0.016666666666666666
2 0.10416666666666667 0.4583333333333333 0.009375 0.018518518518518517
2 0.10052083333333334 0.47175925925925927 0.009375 0.017592592592592594
2 0.09609375 0.48333333333333334 0.0109375 0.018518518518518517
2 0.09166666666666666 0.49675925925925923 0.011458333333333333 0.017592592592592594
2 0.09296875 0.5226851851851851 0.0109375 0.017592592592592594
2 0.09973958333333334 0.5587962962962963 0.009895833333333333 0.01574074074074074
2 0.23255208333333333 0.5611111111111111 0.009895833333333333 0.016666666666666666
2 0.228125 0.5726851851851852 0.010416666666666666 0.01574074074074074
2 0.22421875 0.5856481481481481 0.0109375 0.01574074074074074
2 0.23046875 0.6222222222222222 0.009895833333333333 0.014814814814814815
2 0.24817708333333333 0.5981481481481481 0.0109375 0.016666666666666666
2 0.22395833333333334 0.4726851851851852 0.010416666666666666 0.017592592592592594
2 0.25833333333333336 0.4861111111111111 0.010416666666666666 0.016666666666666666
2 0.21614583333333334 0.3837962962962963 0.010416666666666666 0.01574074074074074
2 0.25625 0.3837962962962963 0.010416666666666666 0.01574074074074074
2 0.20911458333333333 0.3189814814814815 0.009895833333333333 0.01574074074074074
2 0.22526041666666666 0.35833333333333334 0.009895833333333333 0.014814814814814815
2 0.24817708333333333 0.29212962962962963 0.008854166666666666 0.017592592592592594
2 0.22473958333333333 0.18564814814814815 0.009895833333333333 0.01574074074074074
2 0.23463541666666668 0.18611111111111112 0.0109375 0.016666666666666666
2 0.24479166666666666 0.1865740740740741 0.010416666666666666 0.017592592592592594
2 0.22005208333333334 0.19907407407407407 0.009895833333333333 0.016666666666666666
2 0.23020833333333332 0.19907407407407407 0.010416666666666666 0.016666666666666666
2 0.24010416666666667 0.19907407407407407 0.010416666666666666 0.016666666666666666
2 0.25026041666666665 0.19907407407407407 0.009895833333333333 0.016666666666666666
2 0.7841145833333333 0.18425925925925926 0.0109375 0.016666666666666666
2 0.79453125 0.18425925925925926 0.0109375 0.014814814814814815
2 0.8049479166666667 0.18472222222222223 0.0109375 0.017592592592592594
2 0.778125 0.1986111111111111 0.010416666666666666 0.01574074074074074
2 0.7888020833333333 0.19814814814814816 0.0109375 0.016666666666666666
2 0.7994791666666666 0.19768518518518519 0.010416666666666666 0.01574074074074074
2 0.8190104166666666 0.19722222222222222 0.009895833333333333 0.016666666666666666
2 0.15520833333333334 0.18425925925925926 0.011458333333333333 0.018518518518518517
2 0.16484375 0.18472222222222223 0.009895833333333333 0.019444444444444445
2 0.15052083333333333 0.19907407407407407 0.010416666666666666 0.018518518518518517
2 0.16015625 0.19907407407407407 0.0109375 0.018518518518518517
2 0.16979166666666667 0.19953703703703704 0.010416666666666666 0.017592592592592594
2 0.17942708333333332 0.19953703703703704 0.0109375 0.019444444444444445
2 0.11822916666666666 0.3578703703703704 0.010416666666666666 0.01574074074074074
2 0.10130208333333333 0.19953703703703704 0.009895833333333333 0.017592592592592594
2 0.08177083333333333 0.20046296296296295 0.010416666666666666 0.017592592592592594
2 0.08567708333333333 0.34444444444444444 0.009895833333333333 0.016666666666666666
5 0.6380208333333334 0.18518518518518517 0.011458333333333333 0.016666666666666666
5 0.628125 0.18518518518518517 0.010416666666666666 0.016666666666666666
5 0.6177083333333333 0.18564814814814815 0.010416666666666666 0.017592592592592594
5 0.47682291666666665 0.19722222222222222 0.0109375 0.016666666666666666
5 0.4875 0.19768518518518519 0.010416666666666666 0.017592592592592594
5 0.4981770833333333 0.19814814814814816 0.0109375 0.018518518518518517
5 0.5236979166666667 0.3175925925925926 0.009895833333333333 0.016666666666666666
5 0.5080729166666667 0.4875 0.0109375 0.01574074074074074
5 0.49296875 0.47453703703703703 0.0109375 0.01574074074074074
5 0.5231770833333333 0.44907407407407407 0.0109375 0.016666666666666666
5 0.51796875 0.46296296296296297 0.011979166666666667 0.016666666666666666
5 0.52890625 0.4625 0.009895833333333333 0.017592592592592594
5 0.6385416666666667 0.4888888888888889 0.010416666666666666 0.018518518518518517
5 0.421875 0.3962962962962963 0.010416666666666666 0.018518518518518517
5 0.37135416666666665 0.3962962962962963 0.011458333333333333 0.018518518518518517
2 0.6010416666666667 0.6754629629629629 0.010416666666666666 0.01574074074074074
2 0.59609375 0.662962962962963 0.009895833333333333 0.016666666666666666
2 0.5861979166666667 0.662962962962963 0.009895833333333333 0.014814814814814815
2 0.6059895833333333 0.663425925925926 0.009895833333333333 0.01574074074074074
2 0.5859375 0.687037037037037 0.009375 0.014814814814814815
2 0.5908854166666667 0.6995370370370371 0.009895833333333333 0.01574074074074074
3 0.6018229166666667 0.6018518518518519 0.0109375 0.016666666666666666
3 0.5875 0.5388888888888889 0.010416666666666666 0.016666666666666666
6 0.465625 0.45185185185185184 0.8583333333333333 0.6759259259259259
