2 0.8947916666666667 0.48842592592592593 0.011458333333333333 0.017592592592592594
2 0.8963541666666667 0.4324074074074074 0.011458333333333333 0.018518518518518517
2 0.8981770833333333 0.5296296296296297 0.011979166666666667 0.018518518518518517
2 0.9018229166666667 0.5712962962962963 0.011979166666666667 0.018518518518518517
2 0.8940104166666667 0.36157407407407405 0.011979166666666667 0.019444444444444445
2 0.8817708333333333 0.38981481481481484 0.0125 0.020370370370370372
2 0.2591145833333333 0.4046296296296296 0.011979166666666667 0.018518518518518517
2 0.20859375 0.48564814814814816 0.011979166666666667 0.017592592592592594
2 0.22526041666666666 0.5254629629629629 0.011979166666666667 0.017592592592592594
2 0.20625 0.5787037037037037 0.011458333333333333 0.018518518518518517
2 0.2171875 0.6050925925925926 0.011458333333333333 0.019444444444444445
2 0.21796875 0.6837962962962963 0.011979166666666667 0.017592592592592594
2 0.23880208333333333 0.7106481481481481 0.011979166666666667 0.017592592592592594
2 0.21848958333333332 0.7101851851851851 0.011979166666666667 0.016666666666666666
2 0.18854166666666666 0.6824074074074075 0.011458333333333333 0.016666666666666666
2 0.17135416666666667 0.6449074074074074 0.0125 0.017592592592592594
2 0.17369791666666667 0.6962962962962963 0.011979166666666667 0.016666666666666666
2 0.18489583333333334 0.5782407407407407 0.0125 0.017592592592592594
0 0.175 0.3472222222222222 0.011458333333333333 0.016666666666666666
0 0.16015625 0.3611111111111111 0.011979166666666667 0.016666666666666666
0 0.16119791666666666 0.41759259259259257 0.011979166666666667 0.016666666666666666
0 0.2 0.27824074074074073 0.011458333333333333 0.019444444444444445
0 0.190625 0.30462962962962964 0.011458333333333333 0.018518518518518517
0 0.19401041666666666 0.21157407407407408 0.011979166666666667 0.019444444444444445
0 0.81484375 0.2884259259259259 0.011979166666666667 0.017592592592592594
3 0.7075520833333333 0.4703703703703704 0.011979166666666667 0.016666666666666666
3 0.5940104166666667 0.42592592592592593 0.011979166666666667 0.016666666666666666
3 0.6565104166666667 0.5657407407407408 0.011979166666666667 0.018518518518518517
3 0.7658854166666667 0.4847222222222222 0.011979166666666667 0.017592592592592594
3 0.7502604166666667 0.47129629629629627 0.011979166666666667 0.016666666666666666
3 0.7341145833333333 0.4847222222222222 0.011979166666666667 0.017592592592592594
3 0.74765625 0.5814814814814815 0.011979166666666667 0.016666666666666666
1 0.55546875 0.6333333333333333 0.0109375 0.016666666666666666
1 0.55390625 0.6865740740740741 0.011979166666666667 0.017592592592592594
1 0.5497395833333333 0.6458333333333334 0.0109375 0.017592592592592594
1 0.5276041666666667 0.700925925925926 0.011458333333333333 0.018518518518518517
1 0.5221354166666666 0.7125 0.011979166666666667 0.017592592592592594
1 0.5015625 0.7129629629629629 0.011458333333333333 0.016666666666666666
1 0.49114583333333334 0.7129629629629629 0.011458333333333333 0.018518518518518517
1 0.4708333333333333 0.6560185185185186 0.011458333333333333 0.017592592592592594
1 0.44505208333333335 0.7203703703703703 0.011979166666666667 0.016666666666666666
1 0.4546875 0.6685185185185185 0.011458333333333333 0.018518518518518517
1 0.47109375 0.6013888888888889 0.0109375 0.017592592592592594
1 0.48151041666666666 0.6018518518518519 0.011979166666666667 0.016666666666666666
1 0.46536458333333336 0.6138888888888889 0.0109375 0.016666666666666666
1 0.4544270833333333 0.586574074074074 0.0109375 0.017592592592592594
1 0.44973958333333336 0.6 0.0109375 0.016666666666666666
1 0.44895833333333335 0.6277777777777778 0.010416666666666666 0.014814814814814815
1 0.465625 0.5611111111111111 0.010416666666666666 0.016666666666666666
1 0.44921875 0.5189814814814815 0.0109375 0.017592592592592594
1 0.43828125 0.5189814814814815 0.011979166666666667 0.017592592592592594
1 0.4434895833333333 0.5324074074074074 0.009895833333333333 0.016666666666666666
1 0.42864583333333334 0.5740740740740741 0.010416666666666666 0.016666666666666666
1 0.41796875 0.5731481481481482 0.0109375 0.016666666666666666
1 0.43359375 0.587037037037037 0.0109375 0.016666666666666666
1 0.40729166666666666 0.600462962962963 0.010416666666666666 0.017592592592592594
1 0.4231770833333333 0.6138888888888889 0.0109375 0.016666666666666666
1 0.428125 0.6268518518518519 0.010416666666666666 0.016666666666666666
1 0.40729166666666666 0.5453703703703704 0.011458333333333333 0.018518518518518517
1 0.396875 0.5453703703703704 0.011458333333333333 0.018518518518518517
1 0.38619791666666664 0.5712962962962963 0.0109375 0.018518518518518517
1 0.41171875 0.4476851851851852 0.0109375 0.017592592592592594
1 0.3958333333333333 0.462037037037037 0.011458333333333333 0.016666666666666666
1 0.3848958333333333 0.43472222222222223 0.011458333333333333 0.017592592592592594
1 0.47161458333333334 0.3800925925925926 0.009895833333333333 0.017592592592592594
1 0.4609375 0.37916666666666665 0.011458333333333333 0.017592592592592594
1 0.465625 0.3925925925925926 0.011458333333333333 0.018518518518518517
1 0.48151041666666666 0.4648148148148148 0.0109375 0.016666666666666666
1 0.46015625 0.46435185185185185 0.009895833333333333 0.017592592592592594
1 0.44921875 0.4634259259259259 0.0109375 0.017592592592592594
1 0.34270833333333334 0.4337962962962963 0.011458333333333333 0.017592592592592594
1 0.33177083333333335 0.43287037037037035 0.011458333333333333 0.017592592592592594
1 0.34765625 0.5296296296296297 0.011979166666666667 0.018518518518518517
1 0.359375 0.5578703703703703 0.010416666666666666 0.017592592592592594
1 0.36484375 0.5703703703703704 0.0109375 0.018518518518518517
1 0.35989583333333336 0.5842592592592593 0.011458333333333333 0.018518518518518517
5 0.33828125 0.4476851851851852 0.009895833333333333 0.017592592592592594
5 0.36953125 0.44814814814814813 0.0109375 0.018518518518518517
5 0.36484375 0.462037037037037 0.0109375 0.016666666666666666
5 0.375 0.462037037037037 0.010416666666666666 0.016666666666666666
5 0.4119791666666667 0.3925925925925926 0.010416666666666666 0.016666666666666666
5 0.41744791666666664 0.462037037037037 0.0109375 0.018518518518518517
5 0.4119791666666667 0.4759259259259259 0.011458333333333333 0.018518518518518517
5 0.42213541666666665 0.47638888888888886 0.0109375 0.017592592592592594
5 0.41692708333333334 0.49027777777777776 0.009895833333333333 0.017592592592592594
5 0.40130208333333334 0.475462962962963 0.0109375 0.017592592592592594
5 0.42265625 0.5046296296296297 0.0109375 0.016666666666666666
5 0.41796875 0.6273148148148148 0.009895833333333333 0.017592592592592594
5 0.4078125 0.6268518518518519 0.011458333333333333 0.016666666666666666
5 0.396875 0.6259259259259259 0.011458333333333333 0.016666666666666666
5 0.3921875 0.6388888888888888 0.011458333333333333 0.016666666666666666
5 0.4388020833333333 0.6277777777777778 0.0109375 0.016666666666666666
5 0.43333333333333335 0.6398148148148148 0.0125 0.014814814814814815
5 0.44453125 0.6412037037037037 0.009895833333333333 0.01574074074074074
5 0.4390625 0.6541666666666667 0.011458333333333333 0.01574074074074074
2 0.88828125 0.6800925925925926 0.011979166666666667 0.017592592592592594
2 0.8895833333333333 0.625462962962963 0.011458333333333333 0.01574074074074074
2 0.88125 0.7208333333333333 0.011458333333333333 0.017592592592592594
2 0.8723958333333334 0.6662037037037037 0.011458333333333333 0.017592592592592594
2 0.8653645833333333 0.7064814814814815 0.013020833333333334 0.016666666666666666
2 0.8864583333333333 0.5574074074074075 0.011458333333333333 0.018518518518518517
2 0.89140625 0.28935185185185186 0.011979166666666667 0.017592592592592594
2 0.8791666666666667 0.31805555555555554 0.0125 0.019444444444444445
2 0.8669270833333333 0.34629629629629627 0.013020833333333334 0.018518518518518517
2 0.89375 0.23333333333333334 0.011458333333333333 0.018518518518518517
2 0.8838541666666667 0.20601851851851852 0.0125 0.017592592592592594
2 0.8671875 0.21898148148148147 0.0125 0.017592592592592594
2 0.8682291666666667 0.1638888888888889 0.013541666666666667 0.016666666666666666
2 0.8075520833333333 0.20462962962962963 0.011979166666666667 0.016666666666666666
2 0.7911458333333333 0.18981481481481483 0.0125 0.016666666666666666
2 0.8065104166666667 0.2324074074074074 0.0109375 0.016666666666666666
1 0.7989583333333333 0.27314814814814814 0.010416666666666666 0.016666666666666666
1 0.8138020833333334 0.3449074074074074 0.011979166666666667 0.017592592592592594
1 0.7875 0.300462962962963 0.0125 0.019444444444444445
4 0.7932291666666667 0.31574074074074077 0.011458333333333333 0.016666666666666666
4 0.7921875 0.3731481481481482 0.011458333333333333 0.016666666666666666
4 0.75 0.3138888888888889 0.0125 0.018518518518518517
4 0.1546875 0.32083333333333336 0.011458333333333333 0.017592592592592594
4 0.14583333333333334 0.3768518518518518 0.011458333333333333 0.016666666666666666
4 0.14114583333333333 0.3907407407407407 0.011458333333333333 0.016666666666666666
4 0.12630208333333334 0.4041666666666667 0.0109375 0.017592592592592594
4 0.15755208333333334 0.4587962962962963 0.011979166666666667 0.01574074074074074
4 0.15755208333333334 0.48564814814814816 0.0109375 0.017592592592592594
4 0.14765625 0.513425925925926 0.0109375 0.017592592592592594
4 0.15833333333333333 0.5657407407407408 0.011458333333333333 0.016666666666666666
0 0.12682291666666667 0.43148148148148147 0.011979166666666667 0.016666666666666666
4 0.13880208333333333 0.3074074074074074 0.011979166666666667 0.018518518518518517
4 0.14739583333333334 0.25277777777777777 0.011458333333333333 0.016666666666666666
0 0.12135416666666667 0.23935185185185184 0.010416666666666666 0.01574074074074074
0 0.15703125 0.19768518518518519 0.011979166666666667 0.019444444444444445
2 0.14609375 0.1712962962962963 0.011979166666666667 0.018518518518518517
6 0.5080729166666667 0.4462962962962963 0.9203125 0.7407407407407407
