5 0.22578125 0.549074074074074 0.0109375 0.016666666666666666
5 0.24036458333333333 0.5611111111111111 0.009895833333333333 0.016666666666666666
5 0.2296875 0.4861111111111111 0.010416666666666666 0.016666666666666666
5 0.2421875 0.4222222222222222 0.010416666666666666 0.016666666666666666
5 0.29609375 0.43425925925925923 0.009895833333333333 0.016666666666666666
5 0.27239583333333334 0.4476851851851852 0.010416666666666666 0.01574074074074074
5 0.3111979166666667 0.4722222222222222 0.0109375 0.016666666666666666
5 0.3651041666666667 0.4842592592592593 0.011458333333333333 0.016666666666666666
5 0.37994791666666666 0.49722222222222223 0.009895833333333333 0.016666666666666666
5 0.3658854166666667 0.5601851851851852 0.009895833333333333 0.016666666666666666
5 0.3807291666666667 0.5726851851851852 0.010416666666666666 0.01574074074074074
5 0.36614583333333334 0.5856481481481481 0.010416666666666666 0.01574074074074074
5 0.346875 0.612037037037037 0.010416666666666666 0.016666666666666666
5 0.48385416666666664 0.6101851851851852 0.010416666666666666 0.014814814814814815
5 0.4791666666666667 0.6231481481481481 0.010416666666666666 0.014814814814814815
5 0.48411458333333335 0.6356481481481482 0.009895833333333333 0.01574074074074074
5 0.4940104166666667 0.6347222222222222 0.009895833333333333 0.01574074074074074
5 0.4546875 0.6615740740740741 0.010416666666666666 0.01574074074074074
5 0.44036458333333334 0.6486111111111111 0.0109375 0.01574074074074074
5 0.4153645833333333 0.6361111111111111 0.0109375 0.016666666666666666
5 0.4203125 0.6486111111111111 0.010416666666666666 0.01574074074074074
5 0.4140625 0.5087962962962963 0.010416666666666666 0.01574074074074074
5 0.6213541666666667 0.5060185185185185 0.010416666666666666 0.01574074074074074
5 0.6263020833333334 0.5189814814814815 0.009895833333333333 0.01574074074074074
5 0.6361979166666667 0.44166666666666665 0.0109375 0.014814814814814815
5 0.6213541666666667 0.37824074074074077 0.010416666666666666 0.01574074074074074
5 0.61640625 0.3398148148148148 0.0109375 0.016666666666666666
5 0.60625 0.36527777777777776 0.010416666666666666 0.01574074074074074
5 0.6260416666666667 0.287962962962963 0.010416666666666666 0.016666666666666666
5 0.6158854166666666 0.262037037037037 0.0109375 0.016666666666666666
5 0.60625 0.26157407407407407 0.010416666666666666 0.01574074074074074
5 0.45208333333333334 0.2550925925925926 0.010416666666666666 0.017592592592592594
5 0.45755208333333336 0.2675925925925926 0.009895833333333333 0.014814814814814815
5 0.4471354166666667 0.2671296296296296 0.009895833333333333 0.01574074074074074
5 0.45260416666666664 0.28055555555555556 0.010416666666666666 0.018518518518518517
5 0.45729166666666665 0.2935185185185185 0.010416666666666666 0.016666666666666666
5 0.4674479166666667 0.29305555555555557 0.009895833333333333 0.01574074074074074
5 0.45286458333333335 0.30694444444444446 0.0109375 0.01574074074074074
5 0.44765625 0.31851851851851853 0.009895833333333333 0.016666666666666666
5 0.4622395833333333 0.3314814814814815 0.0109375 0.016666666666666666
5 0.45729166666666665 0.34444444444444444 0.010416666666666666 0.014814814814814815
5 0.46770833333333334 0.3439814814814815 0.010416666666666666 0.01574074074074074
5 0.46770833333333334 0.36944444444444446 0.010416666666666666 0.014814814814814815
5 0.4432291666666667 0.3060185185185185 0.009375 0.01574074074074074
5 0.4080729166666667 0.3439814814814815 0.009895833333333333 0.01574074074074074
5 0.39791666666666664 0.3435185185185185 0.009375 0.014814814814814815
5 0.403125 0.3819444444444444 0.010416666666666666 0.01574074074074074
5 0.39348958333333334 0.3814814814814815 0.009895833333333333 0.014814814814814815
5 0.3828125 0.33101851851851855 0.010416666666666666 0.01574074074074074
5 0.309375 0.3458333333333333 0.011458333333333333 0.017592592592592594
5 0.30963541666666666 0.37083333333333335 0.0109375 0.013888888888888888
5 0.29010416666666666 0.37222222222222223 0.010416666666666666 0.014814814814814815
1 0.28046875 0.39675925925925926 0.0109375 0.01574074074074074
1 0.30572916666666666 0.43472222222222223 0.010416666666666666 0.01574074074074074
1 0.3020833333333333 0.4976851851851852 0.010416666666666666 0.01574074074074074
1 0.29713541666666665 0.5106481481481482 0.009895833333333333 0.01574074074074074
1 0.3020833333333333 0.5736111111111111 0.009375 0.01574074074074074
1 0.29791666666666666 0.587037037037037 0.010416666666666666 0.014814814814814815
1 0.29375 0.5990740740740741 0.010416666666666666 0.014814814814814815
1 0.3033854166666667 0.6236111111111111 0.0109375 0.01574074074074074
1 0.83203125 0.5675925925925925 0.0109375 0.016666666666666666
1 0.43203125 0.25092592592592594 0.011979166666666667 0.016666666666666666
1 0.4119791666666667 0.2513888888888889 0.011458333333333333 0.017592592592592594
1 0.3768229166666667 0.23935185185185184 0.0109375 0.017592592592592594
1 0.8098958333333334 0.32546296296296295 0.011458333333333333 0.017592592592592594
5 0.32369791666666664 0.3060185185185185 0.009895833333333333 0.017592592592592594
3 0.3171875 0.21296296296296297 0.010416666666666666 0.018518518518518517
3 0.33255208333333336 0.22685185185185186 0.009895833333333333 0.016666666666666666
3 0.31276041666666665 0.2273148148148148 0.0109375 0.017592592592592594
3 0.26875 0.24259259259259258 0.010416666666666666 0.016666666666666666
3 0.23984375 0.26944444444444443 0.009895833333333333 0.016666666666666666
3 0.24010416666666667 0.2953703703703704 0.010416666666666666 0.014814814814814815
3 0.2265625 0.30833333333333335 0.010416666666666666 0.016666666666666666
3 0.21276041666666667 0.3472222222222222 0.009895833333333333 0.016666666666666666
3 0.21328125 0.37222222222222223 0.009895833333333333 0.014814814814814815
3 0.1984375 0.3851851851851852 0.010416666666666666 0.016666666666666666
3 0.19401041666666666 0.39814814814814814 0.009895833333333333 0.014814814814814815
3 0.19921875 0.41064814814814815 0.009895833333333333 0.01574074074074074
3 0.19010416666666666 0.43657407407407406 0.010416666666666666 0.01574074074074074
3 0.18645833333333334 0.47453703703703703 0.010416666666666666 0.01574074074074074
3 0.19140625 0.48657407407407405 0.008854166666666666 0.01574074074074074
3 0.18723958333333332 0.524537037037037 0.009895833333333333 0.013888888888888888
3 0.21692708333333333 0.5745370370370371 0.009895833333333333 0.01574074074074074
3 0.21744791666666666 0.5995370370370371 0.009895833333333333 0.01574074074074074
3 0.20338541666666668 0.611574074074074 0.0109375 0.01574074074074074
3 0.18489583333333334 0.6370370370370371 0.011458333333333333 0.014814814814814815
3 0.22369791666666666 0.6625 0.009895833333333333 0.01574074074074074
3 0.18072916666666666 0.674537037037037 0.009375 0.01574074074074074
3 0.18984375 0.675 0.009895833333333333 0.016666666666666666
3 0.19921875 0.6754629629629629 0.009895833333333333 0.01574074074074074
3 0.175 0.611574074074074 0.009375 0.017592592592592594
3 0.18828125 0.549537037037037 0.009895833333333333 0.017592592592592594
3 0.17786458333333333 0.524537037037037 0.009895833333333333 0.01574074074074074
3 0.17994791666666668 0.41064814814814815 0.0109375 0.01574074074074074
3 0.2109375 0.21666666666666667 0.010416666666666666 0.018518518518518517
1 0.8559895833333333 0.6055555555555555 0.0109375 0.016666666666666666
2 0.84140625 0.6430555555555556 0.009895833333333333 0.01574074074074074
2 0.8268229166666666 0.6560185185185186 0.009895833333333333 0.01574074074074074
2 0.8265625 0.6810185185185185 0.010416666666666666 0.01574074074074074
2 0.8166666666666667 0.6805555555555556 0.010416666666666666 0.016666666666666666
2 0.8026041666666667 0.7194444444444444 0.010416666666666666 0.016666666666666666
2 0.17057291666666666 0.649537037037037 0.009895833333333333 0.01574074074074074
2 0.19036458333333334 0.7245370370370371 0.0109375 0.01574074074074074
2 0.16692708333333334 0.449537037037037 0.009895833333333333 0.013888888888888888
2 0.18645833333333334 0.23194444444444445 0.010416666666666666 0.01574074074074074
2 0.8125 0.6439814814814815 0.010416666666666666 0.01574074074074074
2 0.8075520833333333 0.6564814814814814 0.009895833333333333 0.014814814814814815
2 0.8265625 0.6810185185185185 0.009375 0.01574074074074074
2 0.7510416666666667 0.19212962962962962 0.010416666666666666 0.017592592592592594
2 0.7604166666666666 0.19166666666666668 0.010416666666666666 0.016666666666666666
2 0.7408854166666666 0.1925925925925926 0.0109375 0.016666666666666666
2 0.7309895833333333 0.19212962962962962 0.0109375 0.017592592592592594
6 0.5052083333333334 0.475462962962963 0.8375 0.6546296296296297
