3 0.9177083333333333 0.19722222222222222 0.013541666666666667 0.020370370370370372
3 0.9184895833333333 0.2712962962962963 0.013020833333333334 0.022222222222222223
3 0.9122395833333333 0.2865740740740741 0.0140625 0.021296296296296296
3 0.8950520833333333 0.3 0.013020833333333334 0.020370370370370372
3 0.8890625 0.3138888888888889 0.013541666666666667 0.020370370370370372
3 0.9151041666666667 0.2263888888888889 0.013541666666666667 0.021296296296296296
3 0.8682291666666667 0.25462962962962965 0.0125 0.022222222222222223
3 0.8625 0.27037037037037037 0.0125 0.020370370370370372
3 0.83984375 0.26944444444444443 0.013020833333333334 0.022222222222222223
3 0.8453125 0.28564814814814815 0.013541666666666667 0.019444444444444445
3 0.8505208333333333 0.3 0.0125 0.022222222222222223
3 0.85546875 0.31527777777777777 0.013020833333333334 0.021296296296296296
3 0.8380208333333333 0.32916666666666666 0.0125 0.021296296296296296
3 0.80078125 0.25416666666666665 0.013020833333333334 0.021296296296296296
3 0.7192708333333333 0.5879629629629629 0.013541666666666667 0.020370370370370372
3 0.71328125 0.6023148148148149 0.0140625 0.019444444444444445
3 0.7098958333333333 0.5027777777777778 0.013541666666666667 0.020370370370370372
3 0.71796875 0.4013888888888889 0.013020833333333334 0.021296296296296296
3 0.703125 0.3282407407407407 0.013541666666666667 0.021296296296296296
3 0.67890625 0.3574074074074074 0.013020833333333334 0.020370370370370372
3 0.6513020833333333 0.3138888888888889 0.013020833333333334 0.020370370370370372
3 0.6067708333333334 0.31342592592592594 0.013541666666666667 0.019444444444444445
3 0.59609375 0.2537037037037037 0.0140625 0.018518518518518517
3 0.584375 0.19166666666666668 0.013541666666666667 0.024074074074074074
3 0.51015625 0.20879629629629629 0.013020833333333334 0.021296296296296296
3 0.48125 0.22361111111111112 0.013541666666666667 0.019444444444444445
3 0.4231770833333333 0.22453703703703703 0.0140625 0.019444444444444445
3 0.40729166666666666 0.3296296296296296 0.0125 0.018518518518518517
3 0.40260416666666665 0.375 0.013541666666666667 0.018518518518518517
3 0.43776041666666665 0.4898148148148148 0.013020833333333334 0.016666666666666666
3 0.4434895833333333 0.5041666666666667 0.013020833333333334 0.019444444444444445
3 0.3890625 0.562037037037037 0.0125 0.018518518518518517
3 0.3776041666666667 0.5625 0.013541666666666667 0.019444444444444445
3 0.35 0.5768518518518518 0.013541666666666667 0.018518518518518517
3 0.346875 0.43287037037037035 0.013541666666666667 0.019444444444444445
3 0.3296875 0.36064814814814816 0.014583333333333334 0.019444444444444445
3 0.08489583333333334 0.3648148148148148 0.013541666666666667 0.020370370370370372
3 0.09505208333333333 0.2324074074074074 0.015104166666666667 0.022222222222222223
3 0.5984375 0.6726851851851852 0.0125 0.019444444444444445
3 0.6041666666666666 0.6861111111111111 0.0125 0.020370370370370372
3 0.5658854166666667 0.6726851851851852 0.013020833333333334 0.019444444444444445
3 0.56015625 0.6865740740740741 0.013020833333333334 0.019444444444444445
3 0.5549479166666667 0.7 0.0140625 0.020370370370370372
3 0.54921875 0.6319444444444444 0.013020833333333334 0.017592592592592594
3 0.5598958333333334 0.5467592592592593 0.013541666666666667 0.019444444444444445
3 0.5494791666666666 0.5175925925925926 0.013541666666666667 0.020370370370370372
3 0.5268229166666667 0.5180555555555556 0.013020833333333334 0.019444444444444445
3 0.5213541666666667 0.5023148148148148 0.0125 0.019444444444444445
3 0.5388020833333333 0.40324074074074073 0.013020833333333334 0.019444444444444445
3 0.54453125 0.2375 0.013020833333333334 0.019444444444444445
3 0.584375 0.28379629629629627 0.013541666666666667 0.017592592592592594
3 0.58359375 0.4310185185185185 0.013020833333333334 0.019444444444444445
3 0.5158854166666667 0.6041666666666666 0.013020833333333334 0.019444444444444445
3 0.5104166666666666 0.6171296296296296 0.013541666666666667 0.019444444444444445
3 0.5052083333333334 0.6305555555555555 0.013541666666666667 0.020370370370370372
3 0.5109375 0.6449074074074074 0.013541666666666667 0.019444444444444445
3 0.5052083333333334 0.6851851851851852 0.013541666666666667 0.020370370370370372
3 0.50546875 0.7129629629629629 0.0140625 0.018518518518518517
3 0.4552083333333333 0.5902777777777778 0.0125 0.017592592592592594
1 0.57890625 0.3287037037037037 0.011979166666666667 0.018518518518518517
1 0.5388020833333333 0.31296296296296294 0.013020833333333334 0.020370370370370372
1 0.52734375 0.3726851851851852 0.0140625 0.021296296296296296
1 0.49270833333333336 0.4023148148148148 0.013541666666666667 0.019444444444444445
1 0.48151041666666666 0.40370370370370373 0.011979166666666667 0.020370370370370372
1 0.26276041666666666 0.3902777777777778 0.0140625 0.019444444444444445
1 0.27395833333333336 0.3902777777777778 0.014583333333333334 0.021296296296296296
1 0.28515625 0.41759259259259257 0.016145833333333335 0.020370370370370372
1 0.2864583333333333 0.4476851851851852 0.013541666666666667 0.021296296296296296
1 0.26536458333333335 0.4777777777777778 0.0140625 0.018518518518518517
1 0.26145833333333335 0.5199074074074074 0.014583333333333334 0.019444444444444445
1 0.2677083333333333 0.5625 0.013541666666666667 0.017592592592592594
1 0.19166666666666668 0.562962962962963 0.014583333333333334 0.018518518518518517
1 0.19765625 0.5768518518518518 0.015104166666666667 0.018518518518518517
1 0.19895833333333332 0.6041666666666666 0.014583333333333334 0.019444444444444445
1 0.1890625 0.6319444444444444 0.014583333333333334 0.019444444444444445
1 0.2 0.6319444444444444 0.014583333333333334 0.019444444444444445
1 0.17447916666666666 0.55 0.014583333333333334 0.018518518518518517
1 0.16484375 0.5768518518518518 0.0140625 0.018518518518518517
1 0.16588541666666667 0.6046296296296296 0.0140625 0.020370370370370372
1 0.13697916666666668 0.5643518518518519 0.0125 0.019444444444444445
1 0.13359375 0.6041666666666666 0.011979166666666667 0.017592592592592594
1 0.13515625 0.6319444444444444 0.013020833333333334 0.017592592592592594
1 0.14244791666666667 0.6717592592592593 0.0140625 0.019444444444444445
1 0.13385416666666666 0.5074074074074074 0.013541666666666667 0.018518518518518517
1 0.12109375 0.44907407407407407 0.011979166666666667 0.018518518518518517
1 0.13541666666666666 0.3787037037037037 0.0125 0.018518518518518517
1 0.21302083333333333 0.24351851851851852 0.0125 0.018518518518518517
1 0.20833333333333334 0.25925925925925924 0.014583333333333334 0.016666666666666666
1 0.203125 0.274537037037037 0.014583333333333334 0.019444444444444445
1 0.20416666666666666 0.30324074074074076 0.013541666666666667 0.019444444444444445
1 0.2078125 0.3912037037037037 0.015625 0.019444444444444445
1 0.23151041666666666 0.4486111111111111 0.015104166666666667 0.019444444444444445
1 0.6705729166666666 0.5462962962962963 0.013020833333333334 0.020370370370370372
1 0.6591145833333333 0.5745370370370371 0.013020833333333334 0.019444444444444445
1 0.6833333333333333 0.4597222222222222 0.014583333333333334 0.017592592592592594
1 0.6776041666666667 0.475 0.013541666666666667 0.018518518518518517
1 0.69453125 0.45925925925925926 0.0140625 0.018518518518518517
1 0.16354166666666667 0.3925925925925926 0.013541666666666667 0.020370370370370372
1 0.15338541666666666 0.2902777777777778 0.013020833333333334 0.017592592592592594
1 0.15703125 0.24583333333333332 0.013020833333333334 0.017592592592592594
1 0.15989583333333332 0.4638888888888889 0.013541666666666667 0.018518518518518517
1 0.15859375 0.6861111111111111 0.013020833333333334 0.016666666666666666
1 0.16458333333333333 0.7 0.0125 0.016666666666666666
1 0.16041666666666668 0.7152777777777778 0.0125 0.019444444444444445
1 0.16614583333333333 0.7287037037037037 0.013541666666666667 0.018518518518518517
1 0.18151041666666667 0.30416666666666664 0.013020833333333334 0.019444444444444445
1 0.3765625 0.19490740740740742 0.013541666666666667 0.019444444444444445
5 0.48333333333333334 0.6861111111111111 0.0125 0.018518518518518517
5 0.47213541666666664 0.6310185185185185 0.013020833333333334 0.017592592592592594
5 0.44479166666666664 0.6731481481481482 0.013541666666666667 0.016666666666666666
5 0.45546875 0.6180555555555556 0.013020833333333334 0.017592592592592594
5 0.44921875 0.48935185185185187 0.011979166666666667 0.017592592592592594
5 0.4322916666666667 0.5032407407407408 0.013541666666666667 0.017592592592592594
5 0.4200520833333333 0.4759259259259259 0.013020833333333334 0.016666666666666666
5 0.4315104166666667 0.47453703703703703 0.013020833333333334 0.021296296296296296
5 0.41458333333333336 0.48935185185185187 0.013541666666666667 0.017592592592592594
5 0.43645833333333334 0.4023148148148148 0.0125 0.017592592592592594
5 0.4078125 0.3587962962962963 0.0125 0.017592592592592594
5 0.4015625 0.3148148148148148 0.013541666666666667 0.020370370370370372
5 0.41822916666666665 0.3300925925925926 0.0125 0.017592592592592594
5 0.44114583333333335 0.26990740740740743 0.0125 0.017592592592592594
5 0.4127604166666667 0.25462962962962965 0.015104166666666667 0.018518518518518517
5 0.40703125 0.27037037037037037 0.0140625 0.016666666666666666
5 0.4002604166666667 0.19444444444444445 0.013020833333333334 0.018518518518518517
2 0.146875 0.40694444444444444 0.0125 0.017592592592592594
5 0.453125 0.32916666666666666 0.0125 0.019444444444444445
5 0.5552083333333333 0.3282407407407407 0.0125 0.017592592592592594
5 0.5494791666666666 0.3435185185185185 0.0125 0.018518518518518517
5 0.58984375 0.35833333333333334 0.013020833333333334 0.018518518518518517
5 0.6059895833333333 0.4310185185185185 0.013020833333333334 0.019444444444444445
5 0.6 0.44583333333333336 0.013541666666666667 0.017592592592592594
5 0.5880208333333333 0.5606481481481481 0.0125 0.017592592592592594
5 0.5763020833333333 0.5592592592592592 0.013020833333333334 0.018518518518518517
2 0.5541666666666667 0.7268518518518519 0.0125 0.020370370370370372
2 0.5109375 0.7273148148148149 0.0125 0.017592592592592594
2 0.40182291666666664 0.7287037037037037 0.011979166666666667 0.018518518518518517
2 0.39088541666666665 0.7300925925925926 0.011979166666666667 0.017592592592592594
2 0.09921875 0.3212962962962963 0.013020833333333334 0.018518518518518517
2 0.09296875 0.3060185185185185 0.011979166666666667 0.019444444444444445
2 0.096875 0.2625 0.013541666666666667 0.019444444444444445
2 0.11640625 0.2013888888888889 0.013020833333333334 0.021296296296296296
2 0.08098958333333334 0.2773148148148148 0.0140625 0.019444444444444445
2 0.07395833333333333 0.36574074074074076 0.013541666666666667 0.020370370370370372
2 0.86484375 0.3726851851851852 0.013020833333333334 0.019444444444444445
2 0.8765625 0.37222222222222223 0.013541666666666667 0.018518518518518517
2 0.8872395833333333 0.3726851851851852 0.0109375 0.019444444444444445
2 0.8919270833333334 0.3875 0.011979166666666667 0.019444444444444445
2 0.8940104166666667 0.4888888888888889 0.013020833333333334 0.020370370370370372
2 0.8919270833333334 0.5736111111111111 0.0109375 0.019444444444444445
5 0.33671875 0.18009259259259258 0.013020833333333334 0.019444444444444445
5 0.32578125 0.1814814814814815 0.013020833333333334 0.018518518518518517
5 0.32760416666666664 0.30092592592592593 0.0125 0.020370370370370372
5 0.33880208333333334 0.30185185185185187 0.013020833333333334 0.018518518518518517
6 0.48489583333333336 0.462037037037037 0.94375 0.7296296296296296
