4 0.8783854166666667 0.22083333333333333 0.0109375 0.017592592592592594
4 0.8622395833333333 0.23425925925925925 0.011979166666666667 0.018518518518518517
4 0.8828125 0.2625 0.011458333333333333 0.017592592592592594
4 0.8604166666666667 0.2912037037037037 0.011458333333333333 0.017592592592592594
4 0.8765625 0.30462962962962964 0.011458333333333333 0.018518518518518517
4 0.8927083333333333 0.3189814814814815 0.011458333333333333 0.017592592592592594
4 0.88203125 0.3189814814814815 0.011979166666666667 0.017592592592592594
4 0.8596354166666667 0.3189814814814815 0.011979166666666667 0.017592592592592594
4 0.9026041666666667 0.375 0.011458333333333333 0.018518518518518517
4 0.9080729166666667 0.3611111111111111 0.011979166666666667 0.016666666666666666
4 0.8763020833333334 0.33240740740740743 0.011979166666666667 0.020370370370370372
4 0.8924479166666667 0.34675925925925927 0.011979166666666667 0.017592592592592594
2 0.15182291666666667 0.6365740740740741 0.011979166666666667 0.019444444444444445
2 0.13515625 0.5967592592592592 0.011979166666666667 0.017592592592592594
2 0.13098958333333333 0.6375 0.009895833333333333 0.017592592592592594
2 0.13854166666666667 0.5300925925925926 0.0125 0.017592592592592594
2 0.15208333333333332 0.662962962962963 0.0125 0.016666666666666666
2 0.1578125 0.7027777777777777 0.0125 0.016666666666666666
2 0.15286458333333333 0.7162037037037037 0.011979166666666667 0.017592592592592594
2 0.13645833333333332 0.6759259259259259 0.011458333333333333 0.018518518518518517
2 0.13932291666666666 0.5569444444444445 0.011979166666666667 0.017592592592592594
2 0.13776041666666666 0.4777777777777778 0.011979166666666667 0.018518518518518517
2 0.14270833333333333 0.4375 0.0125 0.017592592592592594
2 0.12682291666666667 0.45092592592592595 0.013020833333333334 0.016666666666666666
2 0.12786458333333334 0.5037037037037037 0.013020833333333334 0.016666666666666666
2 0.13541666666666666 0.39814814814814814 0.0125 0.016666666666666666
2 0.14427083333333332 0.34305555555555556 0.0125 0.017592592592592594
2 0.128125 0.3587962962962963 0.0125 0.017592592592592594
2 0.11901041666666666 0.38472222222222224 0.011979166666666667 0.017592592592592594
2 0.14427083333333332 0.1884259259259259 0.0125 0.021296296296296296
2 0.13489583333333333 0.21898148148148147 0.013541666666666667 0.019444444444444445
2 0.13567708333333334 0.24722222222222223 0.013020833333333334 0.018518518518518517
3 0.5106770833333333 0.19814814814814816 0.011979166666666667 0.016666666666666666
3 0.5213541666666667 0.22685185185185186 0.0125 0.016666666666666666
3 0.5541666666666667 0.225 0.0125 0.018518518518518517
3 0.56484375 0.25324074074074077 0.011979166666666667 0.017592592592592594
3 0.5486979166666667 0.2671296296296296 0.011979166666666667 0.017592592592592594
3 0.56484375 0.2810185185185185 0.011979166666666667 0.017592592592592594
3 0.559375 0.2949074074074074 0.0125 0.017592592592592594
3 0.55390625 0.30833333333333335 0.013020833333333334 0.020370370370370372
3 0.5375 0.24027777777777778 0.0125 0.019444444444444445
3 0.71484375 0.19537037037037036 0.011979166666666667 0.020370370370370372
3 0.7203125 0.20972222222222223 0.011458333333333333 0.019444444444444445
3 0.7036458333333333 0.225 0.011458333333333333 0.018518518518518517
3 0.709375 0.20972222222222223 0.011458333333333333 0.021296296296296296
3 0.7203125 0.23842592592592593 0.011458333333333333 0.019444444444444445
3 0.7143229166666667 0.2523148148148148 0.011979166666666667 0.021296296296296296
3 0.7091145833333333 0.2662037037037037 0.011979166666666667 0.017592592592592594
3 0.7143229166666667 0.28055555555555556 0.011979166666666667 0.016666666666666666
3 0.7356770833333334 0.28055555555555556 0.011979166666666667 0.018518518518518517
3 0.7036458333333333 0.30787037037037035 0.011458333333333333 0.019444444444444445
3 0.6984375 0.23842592592592593 0.011458333333333333 0.019444444444444445
3 0.6875 0.18055555555555555 0.011458333333333333 0.020370370370370372
5 0.4270833333333333 0.20185185185185187 0.0125 0.018518518518518517
5 0.42734375 0.23055555555555557 0.011979166666666667 0.016666666666666666
5 0.4427083333333333 0.21574074074074073 0.011458333333333333 0.018518518518518517
5 0.4434895833333333 0.29907407407407405 0.0109375 0.018518518518518517
5 0.44921875 0.3402777777777778 0.011979166666666667 0.017592592592592594
5 0.4440104166666667 0.35324074074074074 0.0109375 0.017592592592592594
5 0.4015625 0.3541666666666667 0.011458333333333333 0.017592592592592594
5 0.4122395833333333 0.4078703703703704 0.011979166666666667 0.017592592592592594
5 0.6125 0.46064814814814814 0.011458333333333333 0.017592592592592594
5 0.6234375 0.46064814814814814 0.011458333333333333 0.017592592592592594
5 0.6072916666666667 0.4736111111111111 0.011458333333333333 0.017592592592592594
5 0.6127604166666667 0.487962962962963 0.0109375 0.016666666666666666
5 0.5963541666666666 0.41898148148148145 0.011458333333333333 0.017592592592592594
5 0.5971354166666667 0.5018518518518519 0.0109375 0.016666666666666666
5 0.60234375 0.5157407407407407 0.0109375 0.016666666666666666
5 0.5708333333333333 0.43333333333333335 0.011458333333333333 0.016666666666666666
5 0.6234375 0.5435185185185185 0.011458333333333333 0.016666666666666666
5 0.6020833333333333 0.5435185185185185 0.011458333333333333 0.016666666666666666
5 0.6075520833333333 0.36342592592592593 0.011979166666666667 0.017592592592592594
5 0.5807291666666666 0.43333333333333335 0.010416666666666666 0.016666666666666666
3 0.4861979166666667 0.624537037037037 0.011979166666666667 0.017592592592592594
3 0.48151041666666666 0.6662037037037037 0.011979166666666667 0.017592592592592594
3 0.46015625 0.6930555555555555 0.0109375 0.017592592592592594
3 0.4869791666666667 0.7060185185185185 0.011458333333333333 0.017592592592592594
3 0.4859375 0.5425925925925926 0.0125 0.018518518518518517
3 0.46484375 0.5162037037037037 0.011979166666666667 0.017592592592592594
3 0.475 0.46111111111111114 0.0125 0.020370370370370372
3 0.4283854166666667 0.5027777777777778 0.0109375 0.018518518518518517
3 0.43854166666666666 0.5305555555555556 0.0125 0.018518518518518517
3 0.41770833333333335 0.5578703703703703 0.011458333333333333 0.017592592592592594
3 0.37057291666666664 0.48935185185185187 0.0140625 0.023148148148148147
3 0.39140625 0.48935185185185187 0.015104166666666667 0.023148148148148147
3 0.3338541666666667 0.47638888888888886 0.014583333333333334 0.023148148148148147
3 0.3697916666666667 0.40694444444444444 0.013541666666666667 0.021296296296296296
3 0.34322916666666664 0.39351851851851855 0.014583333333333334 0.024074074074074074
3 0.39114583333333336 0.40694444444444444 0.013541666666666667 0.021296296296296296
3 0.3966145833333333 0.5305555555555556 0.013020833333333334 0.022222222222222223
3 0.3763020833333333 0.5837962962962963 0.013020833333333334 0.023148148148148147
3 0.5541666666666667 0.5560185185185185 0.013541666666666667 0.021296296296296296
3 0.5385416666666667 0.5694444444444444 0.013541666666666667 0.022222222222222223
3 0.43385416666666665 0.6513888888888889 0.0125 0.019444444444444445
3 0.43984375 0.6907407407407408 0.013020833333333334 0.020370370370370372
3 0.5028645833333333 0.7189814814814814 0.0140625 0.021296296296296296
3 0.49583333333333335 0.40555555555555556 0.014583333333333334 0.022222222222222223
3 0.3625 0.22916666666666666 0.013541666666666667 0.023148148148148147
3 0.3671875 0.2708333333333333 0.014583333333333334 0.021296296296296296
3 0.3578125 0.29953703703703705 0.014583333333333334 0.021296296296296296
3 0.3416666666666667 0.25833333333333336 0.014583333333333334 0.022222222222222223
3 0.3046875 0.27175925925925926 0.013541666666666667 0.023148148148148147
3 0.3921875 0.16712962962962963 0.015625 0.025
3 0.24192708333333332 0.27361111111111114 0.0140625 0.021296296296296296
3 0.2109375 0.275 0.013541666666666667 0.020370370370370372
3 0.28359375 0.2726851851851852 0.015104166666666667 0.025
3 0.8317708333333333 0.3055555555555556 0.014583333333333334 0.024074074074074074
3 0.8158854166666667 0.32037037037037036 0.015104166666666667 0.024074074074074074
3 0.85 0.5546296296296296 0.013541666666666667 0.022222222222222223
3 0.8606770833333334 0.5828703703703704 0.0140625 0.025
3 0.8606770833333334 0.6087962962962963 0.013020833333333334 0.025
3 0.8494791666666667 0.6648148148148149 0.014583333333333334 0.024074074074074074
3 0.8169270833333333 0.6925925925925925 0.015104166666666667 0.022222222222222223
3 0.7591145833333334 0.7074074074074074 0.013020833333333334 0.020370370370370372
3 0.7380208333333333 0.7069444444444445 0.014583333333333334 0.025
3 0.7114583333333333 0.6935185185185185 0.015625 0.025925925925925925
5 0.7067708333333333 0.6240740740740741 0.013541666666666667 0.024074074074074074
3 0.37734375 0.6375 0.013020833333333334 0.025
3 0.3614583333333333 0.6768518518518518 0.015625 0.022222222222222223
3 0.35 0.48935185185185187 0.014583333333333334 0.019444444444444445
5 0.63359375 0.5689814814814815 0.011979166666666667 0.019444444444444445
5 0.7544270833333333 0.637962962962963 0.013020833333333334 0.020370370370370372
6 0.5059895833333333 0.4583333333333333 0.9026041666666667 0.7055555555555556
