0 0.8901041666666667 0.2759259259259259 0.015625 0.024074074074074074
0 0.8911458333333333 0.1865740740740741 0.013541666666666667 0.021296296296296296
0 0.8575520833333333 0.2625 0.013020833333333334 0.019444444444444445
0 0.90546875 0.3212962962962963 0.0140625 0.022222222222222223
0 0.8783854166666667 0.30648148148148147 0.013020833333333334 0.018518518518518517
0 0.8908854166666667 0.15694444444444444 0.016145833333333335 0.019444444444444445
0 0.82109375 0.1337962962962963 0.011979166666666667 0.019444444444444445
0 0.78203125 0.12129629629629629 0.011979166666666667 0.018518518518518517
0 0.7479166666666667 0.12268518518518519 0.013541666666666667 0.017592592592592594
0 0.71328125 0.1 0.0140625 0.020370370370370372
3 0.2947916666666667 0.5625 0.0125 0.017592592592592594
3 0.28619791666666666 0.6171296296296296 0.011979166666666667 0.017592592592592594
3 0.3140625 0.6569444444444444 0.011458333333333333 0.017592592592592594
3 0.29609375 0.46435185185185185 0.011979166666666667 0.017592592592592594
3 0.2877604166666667 0.39351851851851855 0.011979166666666667 0.018518518518518517
3 0.28932291666666665 0.29259259259259257 0.013020833333333334 0.018518518518518517
3 0.2799479166666667 0.22037037037037038 0.013020833333333334 0.020370370370370372
3 0.24973958333333332 0.28055555555555556 0.011979166666666667 0.018518518518518517
3 0.24010416666666667 0.3101851851851852 0.0125 0.018518518518518517
3 0.52734375 0.29444444444444445 0.013020833333333334 0.018518518518518517
3 0.50546875 0.32592592592592595 0.011979166666666667 0.016666666666666666
3 0.4947916666666667 0.35462962962962963 0.0125 0.018518518518518517
3 0.49557291666666664 0.3837962962962963 0.011979166666666667 0.017592592592592594
3 0.50234375 0.20879629629629629 0.011979166666666667 0.017592592592592594
4 0.14661458333333333 0.27361111111111114 0.011979166666666667 0.017592592592592594
4 0.12838541666666667 0.33194444444444443 0.011979166666666667 0.017592592592592594
4 0.13020833333333334 0.36018518518518516 0.011458333333333333 0.018518518518518517
4 0.14244791666666667 0.38796296296296295 0.0109375 0.018518518518518517
4 0.13385416666666666 0.41712962962962963 0.011458333333333333 0.017592592592592594
4 0.16067708333333333 0.2300925925925926 0.011979166666666667 0.017592592592592594
4 0.7763020833333333 0.31296296296296294 0.011979166666666667 0.018518518518518517
4 0.7986979166666667 0.3416666666666667 0.011979166666666667 0.018518518518518517
4 0.7984375 0.4 0.0125 0.016666666666666666
4 0.7981770833333334 0.42916666666666664 0.011979166666666667 0.017592592592592594
4 0.7708333333333334 0.2388888888888889 0.0125 0.018518518518518517
4 0.7596354166666667 0.18101851851851852 0.011979166666666667 0.017592592592592594
4 0.75390625 0.19583333333333333 0.011979166666666667 0.017592592592592594
4 0.7479166666666667 0.23981481481481481 0.0125 0.020370370370370372
4 0.75 0.09675925925925925 0.011458333333333333 0.017592592592592594
4 0.58125 0.1476851851851852 0.0125 0.017592592592592594
4 0.50625 0.13842592592592592 0.011458333333333333 0.01574074074074074
2 0.16328125 0.674537037037037 0.0109375 0.01574074074074074
2 0.15442708333333333 0.7023148148148148 0.011979166666666667 0.017592592592592594
2 0.14661458333333333 0.6342592592592593 0.011979166666666667 0.016666666666666666
2 0.13125 0.649537037037037 0.0125 0.01574074074074074
2 0.13541666666666666 0.5412037037037037 0.011458333333333333 0.017592592592592594
2 0.1578125 0.4708333333333333 0.011458333333333333 0.017592592592592594
2 0.10807291666666667 0.43148148148148147 0.011979166666666667 0.016666666666666666
2 0.09921875 0.4601851851851852 0.011979166666666667 0.018518518518518517
2 0.12630208333333334 0.4726851851851852 0.011979166666666667 0.017592592592592594
2 0.11770833333333333 0.500462962962963 0.0125 0.017592592592592594
2 0.17786458333333333 0.14212962962962963 0.013020833333333334 0.017592592592592594
2 0.16744791666666667 0.17175925925925925 0.013020833333333334 0.017592592592592594
2 0.15130208333333334 0.15787037037037038 0.013020833333333334 0.019444444444444445
2 0.1421875 0.1875 0.0125 0.017592592592592594
6 0.503125 0.40694444444444444 0.9375 0.7379629629629629
