1 0.559375 0.6291666666666667 0.015625 0.021296296296296296
1 0.5640625 0.6425925925925926 0.015625 0.022222222222222223
1 0.5697916666666667 0.6541666666666667 0.015625 0.023148148148148147
1 0.5549479166666667 0.6421296296296296 0.0171875 0.023148148148148147
1 0.4778645833333333 0.6564814814814814 0.015104166666666667 0.024074074074074074
1 0.46822916666666664 0.6560185185185186 0.016666666666666666 0.023148148148148147
5 0.446875 0.6305555555555555 0.013541666666666667 0.020370370370370372
5 0.44765625 0.6550925925925926 0.013020833333333334 0.019444444444444445
5 0.43776041666666665 0.6550925925925926 0.0140625 0.019444444444444445
6 0.5130208333333334 0.4587962962962963 0.8875 0.6824074074074075
