2 0.91953125 0.16296296296296298 0.0140625 0.022222222222222223
2 0.9145833333333333 0.1486111111111111 0.0125 0.019444444444444445
2 0.9296875 0.1476851851851852 0.014583333333333334 0.021296296296296296
2 0.9309895833333334 0.16620370370370371 0.013020833333333334 0.023148148148148147
2 0.9278645833333333 0.2037037037037037 0.016145833333333335 0.022222222222222223
2 0.9278645833333333 0.22175925925925927 0.0140625 0.023148148148148147
2 0.90625 0.225 0.0125 0.020370370370370372
2 0.9104166666666667 0.23935185185185184 0.0125 0.019444444444444445
2 0.8924479166666667 0.25462962962962965 0.0140625 0.020370370370370372
2 0.896875 0.26851851851851855 0.014583333333333334 0.022222222222222223
2 0.9018229166666667 0.28425925925925927 0.013020833333333334 0.022222222222222223
2 0.89609375 0.29907407407407405 0.0140625 0.020370370370370372
2 0.8942708333333333 0.32731481481481484 0.013541666666666667 0.021296296296296296
2 0.8984375 0.3421296296296296 0.0125 0.021296296296296296
2 0.8921875 0.35694444444444445 0.0125 0.021296296296296296
2 0.8971354166666666 0.37175925925925923 0.013020833333333334 0.021296296296296296
2 0.9072916666666667 0.3712962962962963 0.0125 0.022222222222222223
2 0.8955729166666667 0.40046296296296297 0.0140625 0.021296296296296296
2 0.9020833333333333 0.4546296296296296 0.015625 0.020370370370370372
2 0.89453125 0.46805555555555556 0.0140625 0.019444444444444445
2 0.89453125 0.4949074074074074 0.013020833333333334 0.019444444444444445
2 0.8510416666666667 0.4689814814814815 0.013541666666666667 0.019444444444444445
2 0.8453125 0.48333333333333334 0.014583333333333334 0.018518518518518517
2 0.8505208333333333 0.4962962962962963 0.013541666666666667 0.020370370370370372
2 0.8442708333333333 0.5106481481481482 0.014583333333333334 0.019444444444444445
2 0.8385416666666666 0.524074074074074 0.013541666666666667 0.020370370370370372
2 0.8434895833333333 0.5375 0.0140625 0.019444444444444445
2 0.83671875 0.5513888888888889 0.0140625 0.021296296296296296
2 0.8416666666666667 0.5648148148148148 0.013541666666666667 0.020370370370370372
2 0.8408854166666667 0.5912037037037037 0.0140625 0.019444444444444445
2 0.8348958333333333 0.6055555555555555 0.013541666666666667 0.020370370370370372
2 0.8388020833333333 0.6449074074074074 0.011979166666666667 0.017592592592592594
2 0.8372395833333334 0.6712962962962963 0.013020833333333334 0.020370370370370372
2 0.84765625 0.6708333333333333 0.013020833333333334 0.019444444444444445
2 0.85078125 0.736574074074074 0.013020833333333334 0.021296296296296296
2 0.840625 0.736574074074074 0.013541666666666667 0.021296296296296296
2 0.8372395833333334 0.42824074074074076 0.013020833333333334 0.021296296296296296
2 0.8416666666666667 0.44212962962962965 0.013541666666666667 0.019444444444444445
2 0.8356770833333333 0.4564814814814815 0.013020833333333334 0.020370370370370372
2 0.8341145833333333 0.4842592592592593 0.013020833333333334 0.020370370370370372
2 0.81796875 0.4981481481481482 0.013020833333333334 0.022222222222222223
2 0.81171875 0.5120370370370371 0.0140625 0.020370370370370372
2 0.8059895833333334 0.5263888888888889 0.015104166666666667 0.021296296296296296
2 0.8114583333333333 0.5402777777777777 0.014583333333333334 0.019444444444444445
2 0.81640625 0.5532407407407407 0.0140625 0.021296296296296296
2 0.81015625 0.5671296296296297 0.0140625 0.019444444444444445
2 0.8041666666666667 0.5805555555555556 0.014583333333333334 0.020370370370370372
2 0.8197916666666667 0.5935185185185186 0.014583333333333334 0.020370370370370372
2 0.809375 0.5939814814814814 0.013541666666666667 0.021296296296296296
2 0.8036458333333333 0.6074074074074074 0.014583333333333334 0.018518518518518517
2 0.8072916666666666 0.6462962962962963 0.013541666666666667 0.018518518518518517
2 0.81171875 0.6592592592592592 0.0140625 0.018518518518518517
2 0.80625 0.6726851851851852 0.013541666666666667 0.017592592592592594
2 0.8005208333333333 0.6861111111111111 0.013541666666666667 0.022222222222222223
2 0.8109375 0.6856481481481481 0.0125 0.019444444444444445
2 0.8161458333333333 0.6981481481481482 0.0125 0.018518518518518517
2 0.7854166666666667 0.674537037037037 0.013541666666666667 0.019444444444444445
2 0.7796875 0.6875 0.013541666666666667 0.019444444444444445
2 0.775 0.674537037037037 0.0125 0.019444444444444445
2 0.7434895833333334 0.649074074074074 0.013020833333333334 0.020370370370370372
2 0.765625 0.6222222222222222 0.013541666666666667 0.018518518518518517
2 0.7606770833333333 0.6092592592592593 0.011979166666666667 0.018518518518518517
2 0.7502604166666667 0.6097222222222223 0.013020833333333334 0.017592592592592594
2 0.7388020833333333 0.6106481481481482 0.013020833333333334 0.019444444444444445
2 0.72734375 0.6101851851851852 0.0140625 0.018518518518518517
2 0.72890625 0.5833333333333334 0.0140625 0.018518518518518517
2 0.70625 0.611574074074074 0.013541666666666667 0.019444444444444445
2 0.7169270833333333 0.6111111111111112 0.0140625 0.020370370370370372
2 0.6955729166666667 0.612037037037037 0.0140625 0.020370370370370372
2 0.69609375 0.5856481481481481 0.0140625 0.019444444444444445
2 0.684375 0.6393518518518518 0.013541666666666667 0.019444444444444445
2 0.6950520833333333 0.638425925925926 0.013020833333333334 0.019444444444444445
2 0.6893229166666667 0.6513888888888889 0.013020833333333334 0.019444444444444445
2 0.7002604166666667 0.6509259259259259 0.013020833333333334 0.018518518518518517
2 0.6994791666666667 0.6773148148148148 0.013541666666666667 0.019444444444444445
2 0.6942708333333333 0.6912037037037037 0.013541666666666667 0.021296296296296296
2 0.7049479166666667 0.6916666666666667 0.0140625 0.020370370370370372
2 0.71015625 0.7032407407407407 0.013020833333333334 0.017592592592592594
2 0.7028645833333333 0.7421296296296296 0.0140625 0.023148148148148147
2 0.725 0.7425925925925926 0.013541666666666667 0.020370370370370372
2 0.6877604166666667 0.7412037037037037 0.0140625 0.021296296296296296
2 0.7083333333333334 0.5300925925925926 0.013541666666666667 0.021296296296296296
2 0.7033854166666667 0.4898148148148148 0.013020833333333334 0.020370370370370372
2 0.6875 0.4759259259259259 0.0125 0.020370370370370372
2 0.68203125 0.462037037037037 0.0140625 0.020370370370370372
2 0.6770833333333334 0.4486111111111111 0.013541666666666667 0.019444444444444445
2 0.6713541666666667 0.4351851851851852 0.0125 0.020370370370370372
2 0.64296875 0.4212962962962963 0.0140625 0.020370370370370372
2 0.6486979166666667 0.4356481481481482 0.0140625 0.019444444444444445
2 0.6598958333333333 0.43472222222222223 0.013541666666666667 0.019444444444444445
2 0.6604166666666667 0.37824074074074077 0.014583333333333334 0.019444444444444445
2 0.6497395833333334 0.262037037037037 0.0140625 0.020370370370370372
2 0.6606770833333333 0.2611111111111111 0.015104166666666667 0.022222222222222223
2 0.6609375 0.20046296296296295 0.015625 0.021296296296296296
2 0.6341145833333334 0.2 0.015104166666666667 0.025925925925925925
2 0.6325520833333333 0.21851851851851853 0.0140625 0.022222222222222223
2 0.6322916666666667 0.24814814814814815 0.013541666666666667 0.022222222222222223
2 0.5684895833333333 0.2037037037037037 0.015104166666666667 0.022222222222222223
2 0.5744791666666667 0.21898148148148147 0.014583333333333334 0.023148148148148147
2 0.56875 0.23425925925925925 0.014583333333333334 0.022222222222222223
2 0.5747395833333333 0.24861111111111112 0.015104166666666667 0.021296296296296296
2 0.5572916666666666 0.23472222222222222 0.014583333333333334 0.021296296296296296
2 0.5455729166666666 0.2351851851851852 0.0140625 0.020370370370370372
2 0.5520833333333334 0.30925925925925923 0.014583333333333334 0.022222222222222223
2 0.54140625 0.39675925925925926 0.0140625 0.021296296296296296
2 0.546875 0.41064814814814815 0.014583333333333334 0.019444444444444445
2 0.5580729166666667 0.41064814814814815 0.0140625 0.019444444444444445
2 0.484375 0.39861111111111114 0.014583333333333334 0.023148148148148147
2 0.4734375 0.42777777777777776 0.0125 0.020370370370370372
2 0.4609375 0.37175925925925923 0.013541666666666667 0.021296296296296296
1 0.7317708333333334 0.475 0.015625 0.024074074074074074
1 0.71171875 0.30416666666666664 0.015104166666666667 0.021296296296296296
1 0.5807291666666666 0.32314814814814813 0.015625 0.020370370370370372
1 0.36640625 0.5449074074074074 0.013020833333333334 0.019444444444444445
1 0.35 0.5592592592592592 0.013541666666666667 0.020370370370370372
1 0.3463541666666667 0.5726851851851852 0.015625 0.021296296296296296
1 0.35130208333333335 0.586574074074074 0.0140625 0.021296296296296296
1 0.35234375 0.611574074074074 0.0140625 0.019444444444444445
1 0.3497395833333333 0.6773148148148148 0.0140625 0.019444444444444445
1 0.35651041666666666 0.6902777777777778 0.015104166666666667 0.019444444444444445
1 0.35130208333333335 0.7032407407407407 0.015104166666666667 0.021296296296296296
1 0.3572916666666667 0.7157407407407408 0.014583333333333334 0.020370370370370372
1 0.36302083333333335 0.7273148148148149 0.014583333333333334 0.019444444444444445
1 0.340625 0.7032407407407407 0.015625 0.021296296296296296
1 0.3255208333333333 0.7152777777777778 0.015625 0.023148148148148147
1 0.3104166666666667 0.7287037037037037 0.013541666666666667 0.018518518518518517
1 0.31484375 0.7166666666666667 0.016145833333333335 0.018518518518518517
1 0.31692708333333336 0.6532407407407408 0.0140625 0.019444444444444445
1 0.32317708333333334 0.6652777777777777 0.015104166666666667 0.019444444444444445
1 0.3138020833333333 0.600925925925926 0.0140625 0.020370370370370372
1 0.32005208333333335 0.6138888888888889 0.016145833333333335 0.022222222222222223
1 0.6380208333333334 0.4648148148148148 0.013541666666666667 0.020370370370370372
1 0.6265625 0.46435185185185185 0.014583333333333334 0.019444444444444445
1 0.6096354166666667 0.4791666666666667 0.015104166666666667 0.019444444444444445
1 0.37890625 0.4462962962962963 0.016145833333333335 0.024074074074074074
1 0.3854166666666667 0.4601851851851852 0.015625 0.020370370370370372
1 0.33125 0.4912037037037037 0.014583333333333334 0.019444444444444445
1 0.3416666666666667 0.49074074074074076 0.016666666666666666 0.022222222222222223
1 0.3372395833333333 0.5041666666666667 0.0171875 0.021296296296296296
1 0.2916666666666667 0.4777777777777778 0.014583333333333334 0.020370370370370372
1 0.29713541666666665 0.4912037037037037 0.0140625 0.019444444444444445
1 0.29921875 0.5189814814814815 0.015104166666666667 0.021296296296296296
3 0.07890625 0.4986111111111111 0.015104166666666667 0.021296296296296296
3 0.08619791666666667 0.5125 0.0140625 0.021296296296296296
3 0.08203125 0.5259259259259259 0.0140625 0.020370370370370372
3 0.09296875 0.525 0.013020833333333334 0.020370370370370372
3 0.08489583333333334 0.5532407407407407 0.013541666666666667 0.021296296296296296
3 0.09583333333333334 0.5523148148148148 0.014583333333333334 0.019444444444444445
3 0.0859375 0.40185185185185185 0.015625 0.022222222222222223
3 0.109375 0.4009259259259259 0.015625 0.020370370370370372
3 0.10546875 0.4148148148148148 0.013020833333333334 0.018518518518518517
3 0.12786458333333334 0.4134259259259259 0.0140625 0.019444444444444445
3 0.12578125 0.45416666666666666 0.0140625 0.017592592592592594
3 0.1078125 0.44212962962962965 0.014583333333333334 0.019444444444444445
3 0.1296875 0.5768518518518518 0.0125 0.020370370370370372
3 0.1171875 0.6171296296296296 0.013541666666666667 0.019444444444444445
3 0.11276041666666667 0.6300925925925925 0.0140625 0.019444444444444445
3 0.11927083333333334 0.6435185185185185 0.013541666666666667 0.018518518518518517
3 0.12421875 0.6305555555555555 0.011979166666666667 0.018518518518518517
3 0.11536458333333334 0.6569444444444444 0.013020833333333334 0.019444444444444445
3 0.11119791666666666 0.6703703703703704 0.0140625 0.018518518518518517
3 0.11744791666666667 0.6824074074074075 0.011979166666666667 0.018518518518518517
3 0.12760416666666666 0.6824074074074075 0.013541666666666667 0.018518518518518517
3 0.10859375 0.7078703703703704 0.013020833333333334 0.019444444444444445
3 0.13203125 0.7333333333333333 0.013020833333333334 0.020370370370370372
3 0.13359375 0.7597222222222222 0.0140625 0.021296296296296296
3 0.0921875 0.6958333333333333 0.0125 0.021296296296296296
3 0.10026041666666667 0.6703703703703704 0.011979166666666667 0.022222222222222223
3 0.21484375 0.7587962962962963 0.015104166666666667 0.021296296296296296
3 0.23229166666666667 0.774537037037037 0.016666666666666666 0.023148148148148147
3 0.2598958333333333 0.7578703703703704 0.014583333333333334 0.023148148148148147
5 0.28411458333333334 0.43472222222222223 0.013020833333333334 0.019444444444444445
5 0.27265625 0.4356481481481482 0.0140625 0.019444444444444445
5 0.2674479166666667 0.44907407407407407 0.013020833333333334 0.020370370370370372
5 0.27708333333333335 0.2912037037037037 0.014583333333333334 0.021296296296296296
5 0.24270833333333333 0.4925925925925926 0.013541666666666667 0.022222222222222223
5 0.23177083333333334 0.4925925925925926 0.014583333333333334 0.020370370370370372
5 0.28828125 0.5189814814814815 0.013020833333333334 0.019444444444444445
5 0.27734375 0.5189814814814815 0.0140625 0.019444444444444445
5 0.2791666666666667 0.5467592592592593 0.013541666666666667 0.021296296296296296
5 0.32890625 0.5592592592592592 0.013020833333333334 0.020370370370370372
5 0.3111979166666667 0.5467592592592593 0.013020833333333334 0.019444444444444445
5 0.63046875 0.6157407407407407 0.013020833333333334 0.020370370370370372
5 0.34869791666666666 0.7680555555555556 0.0140625 0.019444444444444445
5 0.35911458333333335 0.7689814814814815 0.0140625 0.019444444444444445
5 0.36354166666666665 0.36018518518518516 0.014583333333333334 0.022222222222222223
5 0.35911458333333335 0.37546296296296294 0.0140625 0.019444444444444445
5 0.3484375 0.37546296296296294 0.013541666666666667 0.021296296296296296
5 0.3815104166666667 0.37453703703703706 0.013020833333333334 0.019444444444444445
5 0.38515625 0.300462962962963 0.0140625 0.021296296296296296
5 0.3796875 0.3162037037037037 0.014583333333333334 0.021296296296296296
2 0.375 0.19675925925925927 0.015625 0.021296296296296296
2 0.36380208333333336 0.19722222222222222 0.015104166666666667 0.020370370370370372
2 0.3578125 0.18194444444444444 0.014583333333333334 0.021296296296296296
2 0.35833333333333334 0.2125 0.014583333333333334 0.021296296296296296
2 0.30572916666666666 0.2 0.014583333333333334 0.022222222222222223
2 0.31744791666666666 0.19953703703703704 0.016145833333333335 0.021296296296296296
2 0.31276041666666665 0.21481481481481482 0.015104166666666667 0.022222222222222223
2 0.30807291666666664 0.22870370370370371 0.015104166666666667 0.018518518518518517
2 0.31484375 0.24351851851851852 0.0140625 0.022222222222222223
1 0.3109375 0.28935185185185186 0.014583333333333334 0.023148148148148147
1 0.3067708333333333 0.3347222222222222 0.014583333333333334 0.019444444444444445
1 0.31302083333333336 0.34814814814814815 0.014583333333333334 0.020370370370370372
1 0.3190104166666667 0.3611111111111111 0.0140625 0.022222222222222223
1 0.309375 0.3912037037037037 0.014583333333333334 0.021296296296296296
6 0.47161458333333334 0.4615740740740741 0.9390625 0.7305555555555555
