4 0.921875 0.3435185185185185 0.014583333333333334 0.022222222222222223
4 0.8921875 0.3287037037037037 0.014583333333333334 0.020370370370370372
4 0.9026041666666667 0.3587962962962963 0.014583333333333334 0.021296296296296296
4 0.9013020833333333 0.38935185185185184 0.015104166666666667 0.021296296296296296
4 0.91328125 0.2800925925925926 0.015104166666666667 0.021296296296296296
4 0.8895833333333333 0.24953703703703703 0.015625 0.021296296296296296
4 0.87890625 0.21898148148148147 0.0140625 0.021296296296296296
4 0.88671875 0.17222222222222222 0.015104166666666667 0.022222222222222223
4 0.9236979166666667 0.17037037037037037 0.0140625 0.022222222222222223
4 0.8622395833333333 0.17314814814814813 0.016145833333333335 0.024074074074074074
4 0.86796875 0.18796296296296297 0.015104166666666667 0.024074074074074074
4 0.8432291666666667 0.18796296296296297 0.015625 0.022222222222222223
4 0.8315104166666667 0.15833333333333333 0.015104166666666667 0.024074074074074074
4 0.8544270833333333 0.21851851851851853 0.015104166666666667 0.022222222222222223
4 0.8651041666666667 0.2490740740740741 0.015625 0.024074074074074074
4 0.9135416666666667 0.38935185185185184 0.014583333333333334 0.023148148148148147
4 0.9184895833333333 0.4050925925925926 0.016145833333333335 0.023148148148148147
4 0.92421875 0.4203703703703704 0.016145833333333335 0.022222222222222223
5 0.37213541666666666 0.2708333333333333 0.015104166666666667 0.023148148148148147
5 0.3533854166666667 0.25601851851851853 0.016145833333333335 0.021296296296296296
5 0.37864583333333335 0.28564814814814815 0.014583333333333334 0.023148148148148147
5 0.3729166666666667 0.3013888888888889 0.015625 0.023148148148148147
5 0.3731770833333333 0.3333333333333333 0.016145833333333335 0.022222222222222223
5 0.36744791666666665 0.3490740740740741 0.015104166666666667 0.024074074074074074
5 0.36171875 0.3648148148148148 0.015104166666666667 0.024074074074074074
5 0.37395833333333334 0.39537037037037037 0.015625 0.024074074074074074
5 0.35 0.3972222222222222 0.014583333333333334 0.022222222222222223
5 0.31927083333333334 0.35 0.014583333333333334 0.022222222222222223
5 0.3072916666666667 0.350462962962963 0.014583333333333334 0.023148148148148147
5 0.271875 0.3509259259259259 0.014583333333333334 0.022222222222222223
5 0.29973958333333334 0.2722222222222222 0.015104166666666667 0.022222222222222223
5 0.2359375 0.3509259259259259 0.014583333333333334 0.022222222222222223
5 0.23098958333333333 0.3662037037037037 0.0140625 0.023148148148148147
5 0.23723958333333334 0.38287037037037036 0.015104166666666667 0.021296296296296296
5 0.26979166666666665 0.2884259259259259 0.014583333333333334 0.023148148148148147
5 0.2526041666666667 0.30462962962962964 0.014583333333333334 0.022222222222222223
5 0.49947916666666664 0.1912037037037037 0.014583333333333334 0.025
5 0.5229166666666667 0.1912037037037037 0.014583333333333334 0.023148148148148147
5 0.5106770833333333 0.1597222222222222 0.015104166666666667 0.023148148148148147
5 0.5661458333333333 0.20555555555555555 0.014583333333333334 0.022222222222222223
5 0.5786458333333333 0.20555555555555555 0.014583333333333334 0.022222222222222223
5 0.5411458333333333 0.2064814814814815 0.013541666666666667 0.022222222222222223
5 0.53515625 0.19074074074074074 0.013020833333333334 0.022222222222222223
5 0.6640625 0.20462962962962963 0.015625 0.022222222222222223
5 0.6763020833333333 0.2050925925925926 0.0140625 0.021296296296296296
5 0.7252604166666666 0.2351851851851852 0.015104166666666667 0.022222222222222223
5 0.7375 0.23472222222222222 0.015625 0.021296296296296296
5 0.71328125 0.23564814814814813 0.016145833333333335 0.021296296296296296
2 0.8153645833333333 0.6449074074074074 0.0140625 0.021296296296296296
2 0.8203125 0.6587962962962963 0.013541666666666667 0.019444444444444445
2 0.8252604166666667 0.6731481481481482 0.0140625 0.020370370370370372
2 0.7981770833333334 0.6300925925925925 0.015104166666666667 0.021296296296296296
2 0.7963541666666667 0.6888888888888889 0.014583333333333334 0.020370370370370372
2 0.7856770833333333 0.6601851851851852 0.015104166666666667 0.022222222222222223
2 0.76875 0.6449074074074074 0.015625 0.021296296296296296
2 0.7630208333333334 0.6310185185185185 0.014583333333333334 0.021296296296296296
2 0.75859375 0.6157407407407407 0.015104166666666667 0.022222222222222223
2 0.77109375 0.587037037037037 0.015104166666666667 0.022222222222222223
2 0.7598958333333333 0.5587962962962963 0.015625 0.021296296296296296
2 0.71796875 0.6023148148148149 0.015104166666666667 0.023148148148148147
2 0.7231770833333333 0.6166666666666667 0.015104166666666667 0.022222222222222223
2 0.7286458333333333 0.6324074074074074 0.015625 0.020370370370370372
2 0.72265625 0.6472222222222223 0.015104166666666667 0.020370370370370372
2 0.7166666666666667 0.6620370370370371 0.015625 0.020370370370370372
2 0.7106770833333333 0.6768518518518518 0.015104166666666667 0.020370370370370372
2 0.7049479166666667 0.6907407407407408 0.015104166666666667 0.020370370370370372
2 0.6986979166666667 0.7046296296296296 0.016145833333333335 0.020370370370370372
2 0.6927083333333334 0.7180555555555556 0.015625 0.019444444444444445
2 0.69765625 0.7319444444444444 0.015104166666666667 0.019444444444444445
2 0.6947916666666667 0.6032407407407407 0.014583333333333334 0.021296296296296296
2 0.9234375 0.11064814814814815 0.014583333333333334 0.021296296296296296
2 0.9119791666666667 0.687037037037037 0.014583333333333334 0.020370370370370372
2 0.9052083333333333 0.700925925925926 0.015625 0.020370370370370372
2 0.8989583333333333 0.7148148148148148 0.015625 0.020370370370370372
2 0.8919270833333334 0.7287037037037037 0.015104166666666667 0.022222222222222223
2 0.7692708333333333 0.4532407407407407 0.015625 0.021296296296296296
2 0.7744791666666667 0.46805555555555556 0.015625 0.021296296296296296
2 0.7684895833333333 0.48333333333333334 0.015104166666666667 0.020370370370370372
2 0.7622395833333333 0.49907407407407406 0.0140625 0.020370370370370372
2 0.7427083333333333 0.5435185185185185 0.014583333333333334 0.020370370370370372
1 0.7736979166666667 0.2986111111111111 0.0171875 0.025
1 0.7796875 0.3138888888888889 0.01875 0.025925925925925925
1 0.7729166666666667 0.3300925925925926 0.01875 0.025
1 0.7791666666666667 0.3453703703703704 0.01875 0.022222222222222223
1 0.7671875 0.34675925925925927 0.017708333333333333 0.025
1 0.77734375 0.3763888888888889 0.0171875 0.023148148148148147
1 0.7473958333333334 0.3625 0.017708333333333333 0.025
1 0.75234375 0.3773148148148148 0.019270833333333334 0.025
1 0.7901041666666667 0.37592592592592594 0.01875 0.024074074074074074
1 0.7455729166666667 0.42314814814814816 0.016145833333333335 0.022222222222222223
1 0.6158854166666666 0.20601851851851852 0.018229166666666668 0.026851851851851852
1 0.6041666666666666 0.2050925925925926 0.019791666666666666 0.028703703703703703
1 0.6138020833333333 0.5157407407407407 0.0171875 0.022222222222222223
1 0.6604166666666667 0.5444444444444444 0.015625 0.022222222222222223
1 0.64765625 0.6032407407407407 0.016145833333333335 0.021296296296296296
1 0.6651041666666667 0.6166666666666667 0.015625 0.022222222222222223
6 0.49609375 0.4356481481481482 0.9869791666666666 0.7601851851851852
