5 0.3140625 0.500462962962963 0.011458333333333333 0.017592592592592594
5 0.3203125 0.5407407407407407 0.0125 0.018518518518518517
5 0.32135416666666666 0.5680555555555555 0.0125 0.017592592592592594
5 0.31692708333333336 0.6069444444444444 0.011979166666666667 0.017592592592592594
5 0.3229166666666667 0.6462962962962963 0.011458333333333333 0.016666666666666666
5 0.3731770833333333 0.5680555555555555 0.0109375 0.017592592592592594
5 0.44557291666666665 0.5699074074074074 0.011979166666666667 0.017592592592592594
5 0.43072916666666666 0.6361111111111111 0.011458333333333333 0.016666666666666666
5 0.54609375 0.611574074074074 0.0109375 0.017592592592592594
5 0.540625 0.4888888888888889 0.011458333333333333 0.018518518518518517
5 0.5190104166666667 0.43333333333333335 0.011979166666666667 0.020370370370370372
5 0.5510416666666667 0.40555555555555556 0.011458333333333333 0.018518518518518517
5 0.6322916666666667 0.4185185185185185 0.011458333333333333 0.018518518518518517
5 0.6486979166666667 0.43287037037037035 0.011979166666666667 0.017592592592592594
5 0.6265625 0.43287037037037035 0.0125 0.017592592592592594
5 0.6533854166666667 0.5032407407407408 0.011979166666666667 0.019444444444444445
5 0.7231770833333333 0.5175925925925926 0.011979166666666667 0.018518518518518517
5 0.7286458333333333 0.5319444444444444 0.0125 0.017592592592592594
5 0.7299479166666667 0.44722222222222224 0.013020833333333334 0.018518518518518517
5 0.7244791666666667 0.46064814814814814 0.0125 0.019444444444444445
5 0.6864583333333333 0.4476851851851852 0.013541666666666667 0.019444444444444445
5 0.675 0.5032407407407408 0.0125 0.019444444444444445
5 0.6854166666666667 0.5310185185185186 0.0125 0.021296296296296296
5 0.67109375 0.34814814814814815 0.013020833333333334 0.016666666666666666
5 0.46588541666666666 0.3476851851851852 0.013020833333333334 0.019444444444444445
5 0.44427083333333334 0.34814814814814815 0.0125 0.020370370370370372
5 0.44453125 0.37592592592592594 0.011979166666666667 0.018518518518518517
5 0.4390625 0.41805555555555557 0.013541666666666667 0.019444444444444445
5 0.4395833333333333 0.44675925925925924 0.0125 0.019444444444444445
5 0.37552083333333336 0.41712962962962963 0.0125 0.019444444444444445
5 0.3494791666666667 0.43148148148148147 0.0125 0.018518518518518517
2 0.23203125 0.47129629629629627 0.011979166666666667 0.016666666666666666
2 0.23255208333333333 0.4976851851851852 0.011979166666666667 0.017592592592592594
2 0.22786458333333334 0.5115740740740741 0.011979166666666667 0.017592592592592594
2 0.21875 0.537962962962963 0.011458333333333333 0.018518518518518517
2 0.22942708333333334 0.5643518518518519 0.011979166666666667 0.017592592592592594
2 0.2203125 0.5902777777777778 0.011458333333333333 0.017592592592592594
2 0.22135416666666666 0.6166666666666667 0.011458333333333333 0.018518518518518517
2 0.22239583333333332 0.6425925925925926 0.011458333333333333 0.018518518518518517
2 0.23307291666666666 0.6699074074074074 0.011979166666666667 0.017592592592592594
2 0.24427083333333333 0.6972222222222222 0.011458333333333333 0.018518518518518517
1 0.2864583333333333 0.6314814814814815 0.011458333333333333 0.018518518518518517
1 0.30911458333333336 0.6865740740740741 0.011979166666666667 0.017592592592592594
1 0.30390625 0.6986111111111111 0.011979166666666667 0.01574074074074074
1 0.2838541666666667 0.6981481481481482 0.0125 0.018518518518518517
1 0.40989583333333335 0.7430555555555556 0.013541666666666667 0.019444444444444445
1 0.41510416666666666 0.7282407407407407 0.0125 0.019444444444444445
1 0.3953125 0.7013888888888888 0.010416666666666666 0.01574074074074074
1 0.38515625 0.7 0.0109375 0.018518518518518517
1 0.3796875 0.7138888888888889 0.011458333333333333 0.018518518518518517
1 0.3953125 0.7268518518518519 0.010416666666666666 0.018518518518518517
3 0.8458333333333333 0.586574074074074 0.011458333333333333 0.017592592592592594
3 0.8041666666666667 0.7101851851851851 0.0125 0.016666666666666666
3 0.7986979166666667 0.6958333333333333 0.011979166666666667 0.017592592592592594
2 0.8565104166666667 0.737037037037037 0.011979166666666667 0.016666666666666666
2 0.8510416666666667 0.75 0.011458333333333333 0.018518518518518517
3 0.82890625 0.36342592592592593 0.011979166666666667 0.019444444444444445
5 0.8125 0.3490740740740741 0.011458333333333333 0.018518518518518517
2 0.2747395833333333 0.7240740740740741 0.0109375 0.016666666666666666
2 0.2903645833333333 0.7375 0.011979166666666667 0.017592592592592594
2 0.2598958333333333 0.7375 0.011458333333333333 0.017592592592592594
4 0.13828125 0.562962962962963 0.011979166666666667 0.016666666666666666
4 0.14817708333333332 0.5638888888888889 0.0109375 0.018518518518518517
4 0.175 0.5768518518518518 0.011458333333333333 0.018518518518518517
4 0.15677083333333333 0.5115740740740741 0.011458333333333333 0.017592592592592594
4 0.15885416666666666 0.41712962962962963 0.011458333333333333 0.017592592592592594
4 0.16432291666666668 0.4300925925925926 0.011979166666666667 0.019444444444444445
4 0.1703125 0.4439814814814815 0.0125 0.019444444444444445
4 0.14869791666666668 0.41712962962962963 0.0109375 0.017592592592592594
4 0.1625 0.350462962962963 0.010416666666666666 0.01574074074074074
4 0.16848958333333333 0.362962962962963 0.011979166666666667 0.020370370370370372
4 0.15755208333333334 0.36342592592592593 0.011979166666666667 0.019444444444444445
4 0.1765625 0.30787037037037035 0.011458333333333333 0.017592592592592594
4 0.18515625 0.2537037037037037 0.0109375 0.016666666666666666
4 0.20677083333333332 0.25324074074074077 0.011458333333333333 0.017592592592592594
4 0.20260416666666667 0.2671296296296296 0.011458333333333333 0.017592592592592594
6 0.53046875 0.49074074074074076 0.8953125 0.7203703703703703
