0 0.06744791666666666 0.25601851851851853 0.011979166666666667 0.019444444444444445
3 0.4471354166666667 0.6148148148148148 0.0140625 0.020370370370370372
3 0.45260416666666664 0.6291666666666667 0.013541666666666667 0.019444444444444445
3 0.44583333333333336 0.5601851851851852 0.013541666666666667 0.020370370370370372
3 0.4552083333333333 0.4476851851851852 0.013541666666666667 0.019444444444444445
3 0.4315104166666667 0.3902777777777778 0.0140625 0.021296296296296296
3 0.42552083333333335 0.34675925925925927 0.014583333333333334 0.021296296296296296
3 0.4239583333333333 0.25925925925925924 0.014583333333333334 0.022222222222222223
1 0.684375 0.40046296296296297 0.014583333333333334 0.021296296296296296
1 0.6786458333333333 0.4166666666666667 0.016666666666666666 0.020370370370370372
1 0.6841145833333333 0.4287037037037037 0.016145833333333335 0.018518518518518517
1 0.6786458333333333 0.4439814814814815 0.014583333333333334 0.019444444444444445
1 0.6953125 0.4587962962962963 0.014583333333333334 0.019444444444444445
3 0.6888020833333334 0.5300925925925926 0.0140625 0.021296296296296296
3 0.6776041666666667 0.5300925925925926 0.014583333333333334 0.019444444444444445
3 0.67734375 0.5578703703703703 0.015104166666666667 0.021296296296296296
3 0.6825520833333333 0.5722222222222222 0.0140625 0.018518518518518517
3 0.40234375 0.5601851851851852 0.015104166666666667 0.022222222222222223
3 0.31953125 0.5199074074074074 0.0140625 0.021296296296296296
3 0.33229166666666665 0.4212962962962963 0.014583333333333334 0.020370370370370372
3 0.26223958333333336 0.43703703703703706 0.0140625 0.020370370370370372
3 0.24557291666666667 0.42268518518518516 0.015104166666666667 0.021296296296296296
3 0.23125 0.4652777777777778 0.014583333333333334 0.021296296296296296
3 0.23828125 0.5078703703703704 0.0140625 0.019444444444444445
3 0.2328125 0.5212962962962963 0.013541666666666667 0.020370370370370372
3 0.24348958333333334 0.5222222222222223 0.015104166666666667 0.018518518518518517
3 0.23723958333333334 0.6027777777777777 0.0140625 0.022222222222222223
3 0.24869791666666666 0.6291666666666667 0.0140625 0.019444444444444445
3 0.259375 0.35138888888888886 0.014583333333333334 0.021296296296296296
3 0.24765625 0.3226851851851852 0.015104166666666667 0.021296296296296296
3 0.23854166666666668 0.25 0.014583333333333334 0.022222222222222223
0 0.059895833333333336 0.26064814814814813 0.0125 0.019444444444444445
0 0.049479166666666664 0.25787037037037036 0.013541666666666667 0.021296296296296296
0 0.0515625 0.2175925925925926 0.0125 0.020370370370370372
0 0.04765625 0.22962962962962963 0.013020833333333334 0.018518518518518517
6 0.4630208333333333 0.4740740740740741 0.921875 0.6925925925925925
