1 0.8265625 0.3175925925925926 0.014583333333333334 0.020370370370370372
1 0.8044270833333333 0.28703703703703703 0.015104166666666667 0.020370370370370372
1 0.8252604166666667 0.3787037037037037 0.0140625 0.020370370370370372
1 0.8138020833333334 0.4074074074074074 0.015104166666666667 0.020370370370370372
1 0.775 0.3611111111111111 0.014583333333333334 0.022222222222222223
1 0.6880208333333333 0.37407407407407406 0.014583333333333334 0.020370370370370372
1 0.6705729166666666 0.3888888888888889 0.015104166666666667 0.022222222222222223
3 0.66796875 0.19444444444444445 0.0140625 0.018518518518518517
3 0.6671875 0.22546296296296298 0.013541666666666667 0.019444444444444445
3 0.6557291666666667 0.22592592592592592 0.013541666666666667 0.020370370370370372
3 0.6606770833333333 0.24027777777777778 0.0140625 0.017592592592592594
3 0.62734375 0.20925925925925926 0.0140625 0.018518518518518517
3 0.6036458333333333 0.23842592592592593 0.013541666666666667 0.017592592592592594
5 0.6197916666666666 0.31203703703703706 0.013541666666666667 0.020370370370370372
5 0.6315104166666666 0.31296296296296294 0.0140625 0.018518518518518517
5 0.6416666666666667 0.3731481481481482 0.013541666666666667 0.018518518518518517
5 0.6307291666666667 0.3736111111111111 0.013541666666666667 0.019444444444444445
5 0.6302083333333334 0.4027777777777778 0.013541666666666667 0.018518518518518517
5 0.6416666666666667 0.40324074074074073 0.013541666666666667 0.019444444444444445
5 0.6184895833333334 0.43287037037037035 0.0140625 0.019444444444444445
5 0.6072916666666667 0.4324074074074074 0.0125 0.020370370370370372
5 0.6244791666666667 0.44907407407407407 0.013541666666666667 0.018518518518518517
5 0.56640625 0.44722222222222224 0.0140625 0.018518518518518517
5 0.5544270833333333 0.44675925925925924 0.013020833333333334 0.019444444444444445
5 0.5265625 0.43148148148148147 0.013541666666666667 0.018518518518518517
5 0.5151041666666667 0.43148148148148147 0.013541666666666667 0.018518518518518517
3 0.5447916666666667 0.3574074074074074 0.013541666666666667 0.018518518518518517
3 0.52734375 0.3402777777777778 0.0140625 0.019444444444444445
3 0.51015625 0.3263888888888889 0.0140625 0.019444444444444445
3 0.5276041666666667 0.2810185185185185 0.013541666666666667 0.021296296296296296
3 0.5403645833333334 0.2212962962962963 0.0140625 0.020370370370370372
3 0.5177083333333333 0.19027777777777777 0.013541666666666667 0.023148148148148147
3 0.5169270833333334 0.2199074074074074 0.015104166666666667 0.019444444444444445
3 0.4765625 0.23564814814814813 0.014583333333333334 0.021296296296296296
5 0.46458333333333335 0.26481481481481484 0.013541666666666667 0.020370370370370372
5 0.44088541666666664 0.3837962962962963 0.0140625 0.019444444444444445
5 0.34375 0.2763888888888889 0.014583333333333334 0.023148148148148147
5 0.34322916666666664 0.30648148148148147 0.014583333333333334 0.022222222222222223
5 0.3375 0.41203703703703703 0.015625 0.022222222222222223
5 0.30885416666666665 0.42685185185185187 0.013541666666666667 0.020370370370370372
5 0.30859375 0.48518518518518516 0.013020833333333334 0.020370370370370372
5 0.2921875 0.5592592592592592 0.013541666666666667 0.020370370370370372
5 0.38255208333333335 0.5027777777777778 0.0140625 0.020370370370370372
5 0.4630208333333333 0.562962962962963 0.014583333333333334 0.018518518518518517
5 0.48489583333333336 0.5925925925925926 0.013541666666666667 0.020370370370370372
2 0.846875 0.5703703703703704 0.013541666666666667 0.020370370370370372
2 0.83515625 0.5990740740740741 0.013020833333333334 0.020370370370370372
2 0.82734375 0.6708333333333333 0.013020833333333334 0.019444444444444445
2 0.8453125 0.4671296296296296 0.014583333333333334 0.019444444444444445
2 0.8330729166666667 0.49583333333333335 0.013020833333333334 0.021296296296296296
1 0.8122395833333333 0.46620370370370373 0.015104166666666667 0.023148148148148147
2 0.15677083333333333 0.46805555555555556 0.013541666666666667 0.021296296296296296
2 0.16119791666666666 0.3347222222222222 0.0140625 0.019444444444444445
1 0.178125 0.3800925925925926 0.016666666666666666 0.026851851851851852
2 0.18072916666666666 0.5560185185185185 0.0125 0.023148148148148147
1 0.16458333333333333 0.5990740740740741 0.015625 0.024074074074074074
3 0.16484375 0.7703703703703704 0.016145833333333335 0.024074074074074074
3 0.1609375 0.24583333333333332 0.014583333333333334 0.023148148148148147
3 0.15442708333333333 0.17222222222222222 0.015104166666666667 0.020370370370370372
3 0.14375 0.2300925925925926 0.014583333333333334 0.021296296296296296
3 0.11276041666666667 0.43796296296296294 0.0140625 0.022222222222222223
3 0.09661458333333334 0.48148148148148145 0.0140625 0.022222222222222223
2 0.12473958333333333 0.5263888888888889 0.013020833333333334 0.019444444444444445
2 0.11458333333333333 0.5833333333333334 0.013541666666666667 0.018518518518518517
2 0.15911458333333334 0.6421296296296296 0.013020833333333334 0.021296296296296296
2 0.16510416666666666 0.6851851851851852 0.013541666666666667 0.018518518518518517
2 0.15260416666666668 0.5412037037037037 0.014583333333333334 0.019444444444444445
3 0.34427083333333336 0.18796296296296297 0.014583333333333334 0.024074074074074074
3 0.315625 0.17175925925925925 0.014583333333333334 0.023148148148148147
5 0.32708333333333334 0.2023148148148148 0.014583333333333334 0.021296296296296296
5 0.33255208333333336 0.24722222222222223 0.0140625 0.022222222222222223
5 0.30911458333333336 0.27546296296296297 0.015104166666666667 0.021296296296296296
5 0.275 0.24583333333333332 0.014583333333333334 0.021296296296296296
5 0.2752604166666667 0.4273148148148148 0.015104166666666667 0.019444444444444445
1 0.26536458333333335 0.6865740740740741 0.016145833333333335 0.023148148148148147
1 0.28203125 0.7018518518518518 0.016145833333333335 0.022222222222222223
1 0.7346354166666667 0.5972222222222222 0.016145833333333335 0.022222222222222223
1 0.7458333333333333 0.6268518518518519 0.015625 0.024074074074074074
1 0.6921875 0.6967592592592593 0.016666666666666666 0.025
1 0.703125 0.7245370370370371 0.014583333333333334 0.023148148148148147
1 0.6369791666666667 0.6958333333333333 0.016666666666666666 0.021296296296296296
1 0.6361979166666667 0.7231481481481481 0.016145833333333335 0.024074074074074074
1 0.6559895833333333 0.5953703703703703 0.016145833333333335 0.025925925925925925
1 0.6471354166666666 0.5074074074074074 0.018229166666666668 0.024074074074074074
3 0.7416666666666667 0.7388888888888889 0.015625 0.020370370370370372
3 0.09869791666666666 0.5398148148148149 0.016145833333333335 0.022222222222222223
6 0.50234375 0.44305555555555554 0.9546875 0.7824074074074074
