2 0.9067708333333333 0.1 0.0125 0.014814814814814815
2 0.8955729166666667 0.1 0.011979166666666667 0.016666666666666666
2 0.884375 0.10092592592592593 0.011458333333333333 0.016666666666666666
2 0.8729166666666667 0.10092592592592593 0.011458333333333333 0.016666666666666666
2 0.8611979166666667 0.10092592592592593 0.011979166666666667 0.016666666666666666
2 0.79296875 0.10231481481481482 0.011979166666666667 0.017592592592592594
2 0.7815104166666667 0.10277777777777777 0.011979166666666667 0.016666666666666666
2 0.7700520833333333 0.10231481481481482 0.011979166666666667 0.017592592592592594
2 0.9453125 0.11527777777777778 0.011458333333333333 0.017592592592592594
2 0.93515625 0.11342592592592593 0.011979166666666667 0.017592592592592594
2 0.9244791666666666 0.11296296296296296 0.0125 0.018518518518518517
2 0.9294270833333333 0.12685185185185185 0.011979166666666667 0.016666666666666666
2 0.9236979166666667 0.1412037037037037 0.011979166666666667 0.019444444444444445
2 0.9338541666666667 0.1412037037037037 0.011458333333333333 0.019444444444444445
2 0.928125 0.15601851851851853 0.011458333333333333 0.019444444444444445
2 0.9325520833333333 0.17083333333333334 0.011979166666666667 0.019444444444444445
2 0.9424479166666667 0.1712962962962963 0.0109375 0.020370370370370372
2 0.9268229166666667 0.18611111111111112 0.013020833333333334 0.018518518518518517
2 0.9315104166666667 0.2013888888888889 0.013020833333333334 0.019444444444444445
2 0.93046875 0.2310185185185185 0.011979166666666667 0.019444444444444445
2 0.93515625 0.24675925925925926 0.011979166666666667 0.019444444444444445
2 0.9283854166666666 0.2611111111111111 0.0140625 0.016666666666666666
2 0.9333333333333333 0.27546296296296297 0.0125 0.019444444444444445
2 0.92265625 0.27546296296296297 0.013020833333333334 0.019444444444444445
2 0.921875 0.30416666666666664 0.013541666666666667 0.019444444444444445
2 0.9333333333333333 0.30416666666666664 0.013541666666666667 0.019444444444444445
2 0.9161458333333333 0.3194444444444444 0.013541666666666667 0.018518518518518517
2 0.93125 0.3333333333333333 0.0125 0.018518518518518517
2 0.92578125 0.34814814814814815 0.013020833333333334 0.018518518518518517
2 0.9036458333333334 0.37546296296296294 0.011458333333333333 0.017592592592592594
2 0.8981770833333333 0.38981481481481484 0.011979166666666667 0.018518518518518517
2 0.9091145833333333 0.38981481481481484 0.013020833333333334 0.018518518518518517
2 0.903125 0.4041666666666667 0.013541666666666667 0.019444444444444445
2 0.9083333333333333 0.41805555555555557 0.0125 0.017592592592592594
2 0.9026041666666667 0.43287037037037035 0.0125 0.019444444444444445
2 0.9135416666666667 0.43287037037037035 0.0125 0.017592592592592594
2 0.9182291666666667 0.44675925925925924 0.011458333333333333 0.017592592592592594
2 0.88515625 0.4462962962962963 0.013020833333333334 0.018518518518518517
2 0.93359375 0.4597222222222222 0.013020833333333334 0.017592592592592594
2 0.9231770833333334 0.4601851851851852 0.011979166666666667 0.016666666666666666
2 0.9065104166666667 0.47453703703703703 0.011979166666666667 0.017592592592592594
2 0.9174479166666667 0.4740740740740741 0.011979166666666667 0.018518518518518517
2 0.9278645833333333 0.4740740740740741 0.0109375 0.018518518518518517
2 0.93046875 0.5143518518518518 0.011979166666666667 0.017592592592592594
2 0.9307291666666667 0.5425925925925926 0.0125 0.018518518518518517
2 0.90859375 0.5703703703703704 0.011979166666666667 0.018518518518518517
2 0.9184895833333333 0.5703703703703704 0.011979166666666667 0.016666666666666666
2 0.928125 0.5694444444444444 0.011458333333333333 0.016666666666666666
2 0.9166666666666666 0.5972222222222222 0.011458333333333333 0.016666666666666666
2 0.8973958333333333 0.5699074074074074 0.0125 0.019444444444444445
2 0.8809895833333333 0.5564814814814815 0.013020833333333334 0.018518518518518517
2 0.8864583333333333 0.5703703703703704 0.0125 0.018518518518518517
2 0.89140625 0.5837962962962963 0.013020833333333334 0.017592592592592594
2 0.8966145833333333 0.5976851851851852 0.011979166666666667 0.017592592592592594
2 0.90703125 0.5976851851851852 0.011979166666666667 0.017592592592592594
2 0.9020833333333333 0.611574074074074 0.0125 0.019444444444444445
2 0.9065104166666667 0.625462962962963 0.011979166666666667 0.019444444444444445
2 0.9010416666666666 0.6393518518518518 0.011458333333333333 0.019444444444444445
2 0.89453125 0.6532407407407408 0.011979166666666667 0.017592592592592594
2 0.85625 0.6671296296296296 0.011458333333333333 0.017592592592592594
2 0.8666666666666667 0.6671296296296296 0.0125 0.017592592592592594
2 0.83984375 0.6824074074074075 0.011979166666666667 0.018518518518518517
2 0.8502604166666666 0.6814814814814815 0.011979166666666667 0.018518518518518517
2 0.8609375 0.6814814814814815 0.0125 0.016666666666666666
2 0.871875 0.6810185185185185 0.0125 0.01574074074074074
2 0.8822916666666667 0.6796296296296296 0.011458333333333333 0.014814814814814815
3 0.8567708333333334 0.2759259259259259 0.0125 0.018518518518518517
3 0.8619791666666666 0.29074074074074074 0.011458333333333333 0.016666666666666666
3 0.8557291666666667 0.30462962962962964 0.011458333333333333 0.018518518518518517
3 0.8716145833333333 0.3194444444444444 0.011979166666666667 0.018518518518518517
3 0.8765625 0.3337962962962963 0.010416666666666666 0.017592592592592594
3 0.8705729166666667 0.3472222222222222 0.011979166666666667 0.018518518518518517
3 0.8763020833333334 0.3611111111111111 0.011979166666666667 0.018518518518518517
3 0.8708333333333333 0.37592592592592594 0.010416666666666666 0.018518518518518517
3 0.8734375 0.44722222222222224 0.011458333333333333 0.016666666666666666
3 0.86796875 0.46111111111111114 0.0109375 0.018518518518518517
3 0.8619791666666666 0.475 0.011458333333333333 0.018518518518518517
3 0.871875 0.5018518518518519 0.011458333333333333 0.018518518518518517
3 0.86640625 0.5157407407407407 0.011979166666666667 0.018518518518518517
3 0.85 0.5310185185185186 0.011458333333333333 0.017592592592592594
3 0.8708333333333333 0.5296296296296297 0.011458333333333333 0.018518518518518517
3 0.8598958333333333 0.5574074074074075 0.011458333333333333 0.018518518518518517
3 0.8700520833333333 0.5574074074074075 0.011979166666666667 0.018518518518518517
3 0.8700520833333333 0.5847222222222223 0.011979166666666667 0.019444444444444445
3 0.8533854166666667 0.5995370370370371 0.0109375 0.017592592592592594
3 0.8169270833333333 0.586574074074074 0.0109375 0.019444444444444445
3 0.8143229166666667 0.6421296296296296 0.011979166666666667 0.017592592592592594
3 0.8294270833333334 0.5319444444444444 0.011979166666666667 0.019444444444444445
3 0.82421875 0.6685185185185185 0.0109375 0.018518518518518517
3 0.8307291666666666 0.6550925925925926 0.011458333333333333 0.019444444444444445
3 0.7986979166666667 0.6569444444444444 0.0109375 0.019444444444444445
3 0.7916666666666666 0.5194444444444445 0.011458333333333333 0.016666666666666666
3 0.7984375 0.44814814814814813 0.011458333333333333 0.016666666666666666
3 0.7997395833333333 0.39166666666666666 0.011979166666666667 0.018518518518518517
3 0.79765625 0.14675925925925926 0.011979166666666667 0.019444444444444445
3 0.7807291666666667 0.13194444444444445 0.0125 0.017592592592592594
3 0.7859375 0.14583333333333334 0.0125 0.017592592592592594
3 0.7916666666666666 0.16064814814814815 0.011458333333333333 0.017592592592592594
3 0.796875 0.17546296296296296 0.0125 0.017592592592592594
3 0.76953125 0.13240740740740742 0.011979166666666667 0.020370370370370372
3 0.7528645833333333 0.1175925925925926 0.011979166666666667 0.018518518518518517
3 0.75859375 0.13194444444444445 0.011979166666666667 0.017592592592592594
3 0.7416666666666667 0.11851851851851852 0.0125 0.018518518518518517
3 0.74765625 0.1310185185185185 0.011979166666666667 0.017592592592592594
3 0.7302083333333333 0.11851851851851852 0.011458333333333333 0.018518518518518517
3 0.7135416666666666 0.13240740740740742 0.0125 0.018518518518518517
3 0.7026041666666667 0.10416666666666667 0.0125 0.019444444444444445
3 0.6630208333333333 0.11851851851851852 0.0125 0.018518518518518517
3 0.66875 0.13194444444444445 0.0125 0.017592592592592594
3 0.6401041666666667 0.12037037037037036 0.0125 0.020370370370370372
3 0.6463541666666667 0.13333333333333333 0.0125 0.018518518518518517
3 0.6010416666666667 0.1337962962962963 0.0125 0.019444444444444445
3 0.5838541666666667 0.11990740740740741 0.013541666666666667 0.019444444444444445
3 0.5729166666666666 0.12083333333333333 0.0125 0.017592592592592594
3 0.6013020833333333 0.1625 0.011979166666666667 0.017592592592592594
3 0.5447916666666667 0.13703703703703704 0.0125 0.018518518518518517
3 0.5388020833333333 0.12361111111111112 0.011979166666666667 0.019444444444444445
3 0.55 0.15092592592592594 0.0125 0.018518518518518517
3 0.5447916666666667 0.19398148148148148 0.0125 0.017592592592592594
3 0.5338541666666666 0.19675925925925927 0.011458333333333333 0.017592592592592594
3 0.5283854166666667 0.20925925925925926 0.011979166666666667 0.018518518518518517
3 0.5341145833333333 0.22314814814814815 0.011979166666666667 0.018518518518518517
3 0.52890625 0.2375 0.011979166666666667 0.017592592592592594
3 0.53515625 0.28194444444444444 0.011979166666666667 0.017592592592592594
3 0.5354166666666667 0.3388888888888889 0.011458333333333333 0.016666666666666666
3 0.5411458333333333 0.325 0.011458333333333333 0.016666666666666666
3 0.5416666666666666 0.4671296296296296 0.011458333333333333 0.017592592592592594
3 0.52578125 0.5370370370370371 0.0109375 0.016666666666666666
3 0.5317708333333333 0.5782407407407407 0.011458333333333333 0.01574074074074074
3 0.5161458333333333 0.6189814814814815 0.010416666666666666 0.01574074074074074
3 0.5263020833333333 0.6180555555555556 0.0109375 0.01574074074074074
3 0.50625 0.6736111111111112 0.011458333333333333 0.01574074074074074
3 0.50078125 0.6611111111111111 0.011979166666666667 0.016666666666666666
3 0.50546875 0.6189814814814815 0.011979166666666667 0.01574074074074074
3 0.49973958333333335 0.6050925925925926 0.0109375 0.017592592592592594
3 0.49921875 0.5236111111111111 0.0109375 0.01574074074074074
3 0.4828125 0.5375 0.011458333333333333 0.01574074074074074
3 0.50234375 0.3699074074074074 0.0109375 0.01574074074074074
3 0.50234375 0.34074074074074073 0.011979166666666667 0.016666666666666666
3 0.490625 0.2828703703703704 0.0125 0.017592592592592594
3 0.48489583333333336 0.23981481481481481 0.0125 0.018518518518518517
3 0.4791666666666667 0.25416666666666665 0.011458333333333333 0.017592592592592594
3 0.4518229166666667 0.2986111111111111 0.013020833333333334 0.017592592592592594
3 0.44635416666666666 0.3125 0.0125 0.017592592592592594
3 0.46328125 0.32685185185185184 0.013020833333333334 0.018518518518518517
3 0.45807291666666666 0.34120370370370373 0.013020833333333334 0.017592592592592594
3 0.45859375 0.37037037037037035 0.013020833333333334 0.016666666666666666
3 0.4588541666666667 0.3976851851851852 0.0125 0.01574074074074074
3 0.4484375 0.4273148148148148 0.011458333333333333 0.01574074074074074
3 0.4434895833333333 0.44212962962962965 0.011979166666666667 0.017592592592592594
3 0.43828125 0.45601851851851855 0.011979166666666667 0.017592592592592594
3 0.4270833333333333 0.42824074074074076 0.0125 0.017592592592592594
3 0.42213541666666665 0.4412037037037037 0.011979166666666667 0.017592592592592594
3 0.43333333333333335 0.4703703703703704 0.011458333333333333 0.016666666666666666
3 0.42864583333333334 0.5106481481481482 0.011458333333333333 0.01574074074074074
3 0.4440104166666667 0.4976851851851852 0.013020833333333334 0.01574074074074074
3 0.44557291666666665 0.5791666666666667 0.011979166666666667 0.01574074074074074
3 0.45625 0.5796296296296296 0.0125 0.016666666666666666
3 0.4473958333333333 0.6337962962962963 0.011458333333333333 0.017592592592592594
3 0.43645833333333334 0.6342592592592593 0.0125 0.016666666666666666
3 0.43203125 0.6486111111111111 0.0109375 0.017592592592592594
3 0.43697916666666664 0.6615740740740741 0.0125 0.01574074074074074
3 0.43359375 0.7023148148148148 0.0109375 0.017592592592592594
3 0.14895833333333333 0.6611111111111111 0.0125 0.018518518518518517
3 0.15833333333333333 0.5407407407407407 0.011458333333333333 0.016666666666666666
3 0.13619791666666667 0.5148148148148148 0.011979166666666667 0.016666666666666666
3 0.14895833333333333 0.44675925925925924 0.011458333333333333 0.017592592592592594
3 0.15026041666666667 0.37824074074074077 0.0109375 0.017592592592592594
3 0.15286458333333333 0.3087962962962963 0.011979166666666667 0.017592592592592594
3 0.14557291666666666 0.26666666666666666 0.011979166666666667 0.016666666666666666
3 0.15286458333333333 0.20879629629629629 0.013020833333333334 0.017592592592592594
3 0.1609375 0.1527777777777778 0.0125 0.018518518518518517
3 0.165625 0.13796296296296295 0.011458333333333333 0.020370370370370372
3 0.13046875 0.1824074074074074 0.013020833333333334 0.018518518518518517
3 0.13098958333333333 0.20925925925925926 0.013020833333333334 0.018518518518518517
3 0.12213541666666666 0.2388888888888889 0.013020833333333334 0.018518518518518517
3 0.12838541666666667 0.2523148148148148 0.011979166666666667 0.019444444444444445
3 0.134375 0.26666666666666666 0.0125 0.018518518518518517
3 0.13619791666666667 0.29398148148148145 0.011979166666666667 0.019444444444444445
3 0.12760416666666666 0.3226851851851852 0.0125 0.017592592592592594
3 0.12265625 0.3365740740740741 0.011979166666666667 0.019444444444444445
3 0.12838541666666667 0.35138888888888886 0.011979166666666667 0.017592592592592594
3 0.12395833333333334 0.36574074074074076 0.0125 0.018518518518518517
3 0.12994791666666666 0.37962962962962965 0.013020833333333334 0.018518518518518517
3 0.13046875 0.40694444444444444 0.011979166666666667 0.019444444444444445
3 0.12786458333333334 0.44722222222222224 0.011979166666666667 0.018518518518518517
3 0.12213541666666666 0.46111111111111114 0.011979166666666667 0.018518518518518517
5 0.6966145833333334 0.23472222222222222 0.011979166666666667 0.017592592592592594
5 0.6802083333333333 0.22037037037037038 0.011458333333333333 0.018518518518518517
5 0.6796875 0.2791666666666667 0.011458333333333333 0.01574074074074074
5 0.6744791666666666 0.29398148148148145 0.011458333333333333 0.01574074074074074
5 0.6638020833333333 0.3226851851851852 0.011979166666666667 0.01574074074074074
5 0.6690104166666667 0.3365740740740741 0.011979166666666667 0.017592592592592594
5 0.6908854166666667 0.33611111111111114 0.011979166666666667 0.016666666666666666
5 0.6854166666666667 0.37962962962962965 0.011458333333333333 0.016666666666666666
5 0.66875 0.39444444444444443 0.010416666666666666 0.018518518518518517
5 0.6630208333333333 0.4083333333333333 0.011458333333333333 0.018518518518518517
5 0.6682291666666667 0.42268518518518516 0.011458333333333333 0.017592592592592594
5 0.6736979166666667 0.46435185185185185 0.011979166666666667 0.017592592592592594
5 0.6783854166666666 0.4787037037037037 0.0109375 0.016666666666666666
5 0.6893229166666667 0.4791666666666667 0.011979166666666667 0.017592592592592594
5 0.6950520833333333 0.49212962962962964 0.0109375 0.017592592592592594
5 0.7 0.5055555555555555 0.011458333333333333 0.016666666666666666
5 0.6619791666666667 0.5212962962962963 0.011458333333333333 0.016666666666666666
5 0.6518229166666667 0.46574074074074073 0.011979166666666667 0.014814814814814815
5 0.640625 0.4652777777777778 0.011458333333333333 0.017592592592592594
5 0.6625 0.4648148148148148 0.0125 0.016666666666666666
5 0.6466145833333333 0.3662037037037037 0.011979166666666667 0.017592592592592594
5 0.64609375 0.39490740740740743 0.011979166666666667 0.017592592592592594
5 0.6411458333333333 0.37962962962962965 0.011458333333333333 0.016666666666666666
5 0.6578125 0.22083333333333333 0.0125 0.017592592592592594
5 0.6747395833333333 0.17685185185185184 0.0109375 0.016666666666666666
5 0.5278645833333333 0.15231481481481482 0.011979166666666667 0.01574074074074074
5 0.5223958333333333 0.16620370370370371 0.011458333333333333 0.017592592592592594
5 0.5177083333333333 0.18194444444444444 0.011458333333333333 0.017592592592592594
5 0.40651041666666665 0.24166666666666667 0.011979166666666667 0.018518518518518517
5 0.39010416666666664 0.2564814814814815 0.011458333333333333 0.016666666666666666
5 0.384375 0.21388888888888888 0.011458333333333333 0.016666666666666666
5 0.37916666666666665 0.2574074074074074 0.0125 0.016666666666666666
5 0.39609375 0.2708333333333333 0.011979166666666667 0.017592592592592594
5 0.39088541666666665 0.28564814814814815 0.011979166666666667 0.017592592592592594
5 0.396875 0.3 0.0125 0.018518518518518517
5 0.3807291666666667 0.31527777777777777 0.0125 0.017592592592592594
5 0.39739583333333334 0.3282407407407407 0.0125 0.017592592592592594
5 0.38645833333333335 0.3574074074074074 0.0125 0.016666666666666666
5 0.39791666666666664 0.3574074074074074 0.011458333333333333 0.018518518518518517
5 0.409375 0.35648148148148145 0.011458333333333333 0.016666666666666666
5 0.3924479166666667 0.37222222222222223 0.011979166666666667 0.018518518518518517
5 0.40390625 0.3712962962962963 0.011979166666666667 0.016666666666666666
5 0.4044270833333333 0.4 0.011979166666666667 0.016666666666666666
5 0.39348958333333334 0.4009259259259259 0.011979166666666667 0.016666666666666666
5 0.3885416666666667 0.4152777777777778 0.010416666666666666 0.017592592592592594
5 0.3890625 0.4425925925925926 0.0125 0.016666666666666666
5 0.40651041666666665 0.4837962962962963 0.011979166666666667 0.017592592592592594
5 0.39609375 0.4847222222222222 0.011979166666666667 0.017592592592592594
5 0.39166666666666666 0.5254629629629629 0.0125 0.017592592592592594
1 0.42916666666666664 0.538425925925926 0.011458333333333333 0.01574074074074074
1 0.4078125 0.5388888888888889 0.011458333333333333 0.016666666666666666
1 0.41692708333333334 0.21203703703703702 0.011979166666666667 0.018518518518518517
1 0.41041666666666665 0.1398148148148148 0.013541666666666667 0.018518518518518517
1 0.76328125 0.23333333333333334 0.011979166666666667 0.018518518518518517
1 0.7690104166666667 0.24768518518518517 0.0109375 0.019444444444444445
1 0.76328125 0.1736111111111111 0.011979166666666667 0.021296296296296296
1 0.7744791666666667 0.1736111111111111 0.0125 0.019444444444444445
1 0.77890625 0.3347222222222222 0.011979166666666667 0.017592592592592594
1 0.7544270833333333 0.5324074074074074 0.011979166666666667 0.018518518518518517
1 0.759375 0.5458333333333333 0.011458333333333333 0.017592592592592594
1 0.7744791666666667 0.586574074074074 0.011458333333333333 0.017592592592592594
1 0.7635416666666667 0.5875 0.0125 0.017592592592592594
1 0.76875 0.600925925925926 0.011458333333333333 0.018518518518518517
1 0.7625 0.6152777777777778 0.011458333333333333 0.017592592592592594
1 0.8028645833333333 0.5439814814814815 0.011979166666666667 0.019444444444444445
1 0.7997395833333333 0.4203703703703704 0.0109375 0.016666666666666666
1 0.7833333333333333 0.4060185185185185 0.0125 0.019444444444444445
1 0.8065104166666667 0.3486111111111111 0.011979166666666667 0.017592592592592594
1 0.8075520833333333 0.2912037037037037 0.011979166666666667 0.017592592592592594
1 0.6078125 0.29444444444444445 0.011458333333333333 0.018518518518518517
1 0.6078125 0.40879629629629627 0.011458333333333333 0.017592592592592594
1 0.5856770833333333 0.4097222222222222 0.011979166666666667 0.01574074074074074
1 0.284375 0.18796296296296297 0.011458333333333333 0.016666666666666666
1 0.2947916666666667 0.1875 0.0125 0.01574074074074074
1 0.30572916666666666 0.1875 0.0125 0.01574074074074074
1 0.27005208333333336 0.23148148148148148 0.0109375 0.018518518518518517
1 0.24479166666666666 0.2759259259259259 0.011458333333333333 0.016666666666666666
1 0.640625 0.575462962962963 0.010416666666666666 0.01574074074074074
1 0.6341145833333334 0.6171296296296296 0.0109375 0.017592592592592594
1 0.6346354166666667 0.6444444444444445 0.0109375 0.016666666666666666
6 0.51796875 0.41203703703703703 0.9203125 0.7185185185185186
