5 0.5395833333333333 0.19490740740740742 0.011458333333333333 0.017592592592592594
5 0.5447916666666667 0.20833333333333334 0.011458333333333333 0.018518518518518517
5 0.55078125 0.22314814814814815 0.0109375 0.020370370370370372
5 0.5606770833333333 0.2513888888888889 0.011979166666666667 0.019444444444444445
5 0.5989583333333334 0.26435185185185184 0.011458333333333333 0.019444444444444445
5 0.57734375 0.2935185185185185 0.011979166666666667 0.020370370370370372
5 0.63125 0.2912037037037037 0.010416666666666666 0.017592592592592594
5 0.6520833333333333 0.3763888888888889 0.011458333333333333 0.01574074074074074
5 0.6359375 0.3902777777777778 0.011458333333333333 0.01574074074074074
5 0.6307291666666667 0.40370370370370373 0.010416666666666666 0.016666666666666666
5 0.63046875 0.43148148148148147 0.011979166666666667 0.018518518518518517
5 0.65234375 0.43148148148148147 0.0109375 0.018518518518518517
5 0.61484375 0.3347222222222222 0.0109375 0.01574074074074074
5 0.6143229166666667 0.500462962962963 0.011979166666666667 0.017592592592592594
5 0.6302083333333334 0.512962962962963 0.011458333333333333 0.018518518518518517
5 0.6354166666666666 0.5273148148148148 0.011458333333333333 0.01574074074074074
5 0.5921875 0.5541666666666667 0.011458333333333333 0.01574074074074074
5 0.565625 0.5949074074074074 0.010416666666666666 0.013888888888888888
5 0.58203125 0.6078703703703704 0.0109375 0.013888888888888888
5 0.5658854166666667 0.6208333333333333 0.0109375 0.013888888888888888
5 0.4875 0.6078703703703704 0.011458333333333333 0.01574074074074074
5 0.44973958333333336 0.5148148148148148 0.0109375 0.016666666666666666
5 0.43411458333333336 0.5277777777777778 0.0109375 0.014814814814814815
5 0.42916666666666664 0.5416666666666666 0.010416666666666666 0.016666666666666666
5 0.44869791666666664 0.37777777777777777 0.0109375 0.016666666666666666
5 0.4005208333333333 0.39166666666666666 0.011458333333333333 0.016666666666666666
5 0.37916666666666665 0.4199074074074074 0.011458333333333333 0.017592592592592594
5 0.42578125 0.2662037037037037 0.0109375 0.01574074074074074
5 0.4088541666666667 0.22546296296296298 0.011458333333333333 0.01574074074074074
5 0.409375 0.25277777777777777 0.011458333333333333 0.016666666666666666
5 0.37083333333333335 0.21296296296296297 0.011458333333333333 0.016666666666666666
5 0.34921875 0.24027777777777778 0.011979166666666667 0.017592592592592594
5 0.31666666666666665 0.2412037037037037 0.011458333333333333 0.017592592592592594
5 0.3067708333333333 0.2689814814814815 0.011458333333333333 0.01574074074074074
5 0.30130208333333336 0.25462962962962965 0.011979166666666667 0.016666666666666666
5 0.2635416666666667 0.26990740740740743 0.0125 0.01574074074074074
5 0.215625 0.2861111111111111 0.011458333333333333 0.016666666666666666
5 0.22161458333333334 0.2986111111111111 0.011979166666666667 0.01574074074074074
5 0.18489583333333334 0.31296296296296294 0.011458333333333333 0.016666666666666666
5 0.17630208333333333 0.39490740740740743 0.011979166666666667 0.01574074074074074
5 0.3690104166666667 0.44722222222222224 0.011979166666666667 0.016666666666666666
5 0.35911458333333335 0.5018518518518519 0.011979166666666667 0.016666666666666666
5 0.39166666666666666 0.5287037037037037 0.0125 0.016666666666666666
5 0.3494791666666667 0.5555555555555556 0.011458333333333333 0.016666666666666666
1 0.7622395833333333 0.2912037037037037 0.0109375 0.017592592592592594
1 0.7783854166666667 0.30416666666666664 0.0109375 0.017592592592592594
1 0.7244791666666667 0.2490740740740741 0.011458333333333333 0.018518518518518517
1 0.7403645833333333 0.2916666666666667 0.0109375 0.016666666666666666
1 0.7450520833333333 0.33287037037037037 0.0109375 0.017592592592592594
1 0.7510416666666667 0.34629629629629627 0.011458333333333333 0.018518518518518517
1 0.7401041666666667 0.37453703703703706 0.011458333333333333 0.017592592592592594
1 0.7559895833333333 0.38842592592592595 0.011979166666666667 0.019444444444444445
1 0.7174479166666666 0.43194444444444446 0.0109375 0.017592592592592594
1 0.73828125 0.4583333333333333 0.011979166666666667 0.018518518518518517
1 0.8234375 0.45740740740740743 0.011458333333333333 0.018518518518518517
1 0.834375 0.45787037037037037 0.011458333333333333 0.019444444444444445
1 0.8169270833333333 0.49907407407407406 0.011979166666666667 0.018518518518518517
1 0.8330729166666667 0.512962962962963 0.011979166666666667 0.016666666666666666
1 0.821875 0.5398148148148149 0.011458333333333333 0.016666666666666666
1 0.8375 0.5523148148148148 0.011458333333333333 0.017592592592592594
1 0.82109375 0.5671296296296297 0.0109375 0.017592592592592594
1 0.8091145833333333 0.6194444444444445 0.0109375 0.018518518518518517
1 0.8140625 0.6333333333333333 0.010416666666666666 0.018518518518518517
1 0.8291666666666667 0.6472222222222223 0.010416666666666666 0.016666666666666666
1 0.8122395833333333 0.6587962962962963 0.0109375 0.017592592592592594
1 0.79609375 0.6986111111111111 0.0109375 0.017592592592592594
1 0.7690104166666667 0.712037037037037 0.011979166666666667 0.016666666666666666
1 0.7875 0.6462962962962963 0.011458333333333333 0.018518518518518517
1 0.7721354166666666 0.6337962962962963 0.0109375 0.017592592592592594
1 0.7854166666666667 0.5273148148148148 0.010416666666666666 0.017592592592592594
1 0.7864583333333334 0.4722222222222222 0.0125 0.016666666666666666
1 0.7919270833333333 0.4583333333333333 0.011979166666666667 0.018518518518518517
1 0.7872395833333333 0.3888888888888889 0.011979166666666667 0.018518518518518517
1 0.7705729166666667 0.45740740740740743 0.011979166666666667 0.020370370370370372
1 0.7901041666666667 0.2490740740740741 0.011458333333333333 0.020370370370370372
1 0.6864583333333333 0.2912037037037037 0.013541666666666667 0.021296296296296296
1 0.6755208333333333 0.3189814814814815 0.011458333333333333 0.019444444444444445
1 0.6583333333333333 0.3333333333333333 0.0125 0.020370370370370372
1 0.6744791666666666 0.4310185185185185 0.0125 0.019444444444444445
1 0.5776041666666667 0.43194444444444446 0.0125 0.021296296296296296
1 0.5502604166666667 0.41759259259259257 0.011979166666666667 0.018518518518518517
1 0.5028645833333333 0.4337962962962963 0.011979166666666667 0.017592592592592594
1 0.4434895833333333 0.44583333333333336 0.013020833333333334 0.019444444444444445
1 0.41119791666666666 0.41898148148148145 0.011979166666666667 0.017592592592592594
1 0.39557291666666666 0.46064814814814814 0.011979166666666667 0.019444444444444445
1 0.3729166666666667 0.3212962962962963 0.0125 0.020370370370370372
1 0.36223958333333334 0.350462962962963 0.013020833333333334 0.017592592592592594
1 0.3182291666666667 0.350462962962963 0.0125 0.019444444444444445
1 0.25442708333333336 0.324537037037037 0.013020833333333334 0.017592592592592594
1 0.23828125 0.3388888888888889 0.013020833333333334 0.018518518518518517
1 0.2552083333333333 0.37916666666666665 0.011458333333333333 0.017592592592592594
1 0.234375 0.40694444444444444 0.0125 0.017592592592592594
1 0.29348958333333336 0.41898148148148145 0.013020833333333334 0.019444444444444445
1 0.31145833333333334 0.4888888888888889 0.0125 0.018518518518518517
1 0.3067708333333333 0.5291666666666667 0.0125 0.017592592592592594
1 0.2908854166666667 0.5152777777777777 0.011979166666666667 0.019444444444444445
1 0.27421875 0.5023148148148148 0.011979166666666667 0.019444444444444445
1 0.275 0.5296296296296297 0.011458333333333333 0.018518518518518517
1 0.30833333333333335 0.5564814814814815 0.0125 0.018518518518518517
1 0.27682291666666664 0.5814814814814815 0.011979166666666667 0.018518518518518517
1 0.3140625 0.5967592592592592 0.011458333333333333 0.019444444444444445
1 0.2796875 0.6620370370370371 0.010416666666666666 0.016666666666666666
1 0.28489583333333335 0.675 0.011458333333333333 0.018518518518518517
1 0.29739583333333336 0.7263888888888889 0.0125 0.019444444444444445
1 0.27708333333333335 0.7268518518518519 0.011458333333333333 0.016666666666666666
1 0.18958333333333333 0.7148148148148148 0.011458333333333333 0.016666666666666666
1 0.175 0.7273148148148149 0.0125 0.017592592592592594
1 0.19244791666666666 0.674537037037037 0.0109375 0.019444444444444445
1 0.20104166666666667 0.649537037037037 0.011458333333333333 0.017592592592592594
1 0.19947916666666668 0.5967592592592592 0.010416666666666666 0.017592592592592594
1 0.19713541666666667 0.5439814814814815 0.011979166666666667 0.017592592592592594
1 0.18020833333333333 0.5041666666666667 0.011458333333333333 0.017592592592592594
1 0.18072916666666666 0.5296296296296297 0.0125 0.018518518518518517
1 0.18229166666666666 0.43657407407407406 0.0125 0.01574074074074074
1 0.20677083333333332 0.33935185185185185 0.0125 0.019444444444444445
3 0.66484375 0.23564814814814813 0.011979166666666667 0.017592592592592594
3 0.6802083333333333 0.2490740740740741 0.011458333333333333 0.016666666666666666
3 0.6802083333333333 0.3333333333333333 0.011458333333333333 0.016666666666666666
3 0.6424479166666667 0.29259259259259257 0.0109375 0.016666666666666666
3 0.7221354166666667 0.4449074074074074 0.009895833333333333 0.01574074074074074
3 0.7270833333333333 0.45925925925925926 0.011458333333333333 0.016666666666666666
3 0.7169270833333333 0.4597222222222222 0.009895833333333333 0.01574074074074074
3 0.7213541666666666 0.47314814814814815 0.010416666666666666 0.016666666666666666
3 0.7125 0.33287037037037037 0.010416666666666666 0.017592592592592594
3 0.7231770833333333 0.3333333333333333 0.011979166666666667 0.016666666666666666
3 0.7018229166666666 0.3337962962962963 0.0109375 0.017592592592592594
3 0.74140625 0.5541666666666667 0.009895833333333333 0.013888888888888888
3 0.7244791666666667 0.6208333333333333 0.010416666666666666 0.013888888888888888
3 0.7234375 0.6462962962962963 0.010416666666666666 0.014814814814814815
3 0.7432291666666667 0.6990740740740741 0.011458333333333333 0.012962962962962963
3 0.8223958333333333 0.6597222222222222 0.010416666666666666 0.013888888888888888
3 0.6768229166666667 0.6333333333333333 0.0109375 0.014814814814814815
3 0.6825520833333333 0.6203703703703703 0.0109375 0.014814814814814815
3 0.6716145833333333 0.6199074074074075 0.0109375 0.013888888888888888
3 0.6606770833333333 0.6462962962962963 0.0109375 0.012962962962962963
3 0.6559895833333333 0.6074074074074074 0.0109375 0.012962962962962963
3 0.6552083333333333 0.6851851851851852 0.010416666666666666 0.012962962962962963
3 0.6752604166666667 0.7375 0.0109375 0.012037037037037037
3 0.63828125 0.7518518518518519 0.0109375 0.012962962962962963
3 0.6481770833333333 0.7518518518518519 0.0109375 0.014814814814814815
3 0.6690104166666667 0.7518518518518519 0.0109375 0.014814814814814815
3 0.6390625 0.6722222222222223 0.010416666666666666 0.014814814814814815
3 0.61875 0.6476851851851851 0.0125 0.013888888888888888
3 0.62421875 0.6069444444444444 0.0109375 0.01574074074074074
3 0.6072916666666667 0.725462962962963 0.011458333333333333 0.013888888888888888
3 0.6174479166666667 0.725462962962963 0.0109375 0.013888888888888888
3 0.6231770833333333 0.7388888888888889 0.0109375 0.016666666666666666
3 0.625 0.5537037037037037 0.010416666666666666 0.016666666666666666
3 0.6348958333333333 0.5537037037037037 0.011458333333333333 0.016666666666666666
3 0.6033854166666667 0.5550925925925926 0.0109375 0.017592592592592594
3 0.6348958333333333 0.6064814814814815 0.010416666666666666 0.014814814814814815
3 0.18255208333333334 0.20185185185185187 0.011979166666666667 0.016666666666666666
3 0.18802083333333333 0.2162037037037037 0.011458333333333333 0.017592592592592594
3 0.1765625 0.21712962962962962 0.011458333333333333 0.017592592592592594
3 0.16640625 0.21712962962962962 0.0109375 0.017592592592592594
3 0.17265625 0.23194444444444445 0.0109375 0.017592592592592594
3 0.16744791666666667 0.24537037037037038 0.0109375 0.016666666666666666
3 0.15755208333333334 0.2722222222222222 0.011979166666666667 0.016666666666666666
3 0.13723958333333333 0.29953703703703705 0.011979166666666667 0.017592592592592594
3 0.14270833333333333 0.31296296296296294 0.011458333333333333 0.016666666666666666
3 0.13385416666666666 0.34120370370370373 0.011458333333333333 0.017592592592592594
3 0.12838541666666667 0.35509259259259257 0.011979166666666667 0.01574074074074074
3 0.13411458333333334 0.3685185185185185 0.0109375 0.016666666666666666
3 0.12473958333333333 0.3958333333333333 0.011979166666666667 0.01574074074074074
3 0.12578125 0.42314814814814816 0.011979166666666667 0.016666666666666666
3 0.12682291666666667 0.45046296296296295 0.0109375 0.01574074074074074
3 0.11848958333333333 0.5046296296296297 0.011979166666666667 0.016666666666666666
3 0.11458333333333333 0.5185185185185185 0.011458333333333333 0.014814814814814815
3 0.11979166666666667 0.5310185185185186 0.010416666666666666 0.01574074074074074
3 0.115625 0.5439814814814815 0.0125 0.01574074074074074
3 0.12057291666666667 0.649074074074074 0.0109375 0.016666666666666666
3 0.13020833333333334 0.649537037037037 0.011458333333333333 0.01574074074074074
3 0.12578125 0.6625 0.0109375 0.01574074074074074
3 0.12083333333333333 0.675 0.010416666666666666 0.014814814814814815
3 0.13151041666666666 0.6759259259259259 0.011979166666666667 0.016666666666666666
3 0.1328125 0.700925925925926 0.011458333333333333 0.014814814814814815
3 0.14270833333333333 0.700925925925926 0.010416666666666666 0.014814814814814815
3 0.14375 0.725462962962963 0.010416666666666666 0.017592592592592594
3 0.36432291666666666 0.7388888888888889 0.011979166666666667 0.016666666666666666
3 0.4583333333333333 0.7388888888888889 0.011458333333333333 0.016666666666666666
3 0.44765625 0.7384259259259259 0.011979166666666667 0.01574074074074074
2 0.8671875 0.7236111111111111 0.011458333333333333 0.01574074074074074
2 0.8565104166666667 0.7240740740740741 0.011979166666666667 0.014814814814814815
2 0.8513020833333333 0.7361111111111112 0.0109375 0.014814814814814815
2 0.8614583333333333 0.7361111111111112 0.010416666666666666 0.014814814814814815
2 0.87734375 0.7231481481481481 0.009895833333333333 0.016666666666666666
2 0.74140625 0.7509259259259259 0.009895833333333333 0.016666666666666666
2 0.73125 0.7509259259259259 0.010416666666666666 0.016666666666666666
2 0.7255208333333333 0.7648148148148148 0.010416666666666666 0.018518518518518517
2 0.6013020833333333 0.7388888888888889 0.0109375 0.016666666666666666
2 0.5854166666666667 0.7518518518518519 0.011458333333333333 0.016666666666666666
2 0.35078125 0.6101851851851852 0.0109375 0.016666666666666666
2 0.3578125 0.674074074074074 0.011458333333333333 0.014814814814814815
2 0.35390625 0.7388888888888889 0.009895833333333333 0.016666666666666666
2 0.35052083333333334 0.7523148148148148 0.010416666666666666 0.01574074074074074
2 0.34036458333333336 0.7541666666666667 0.011979166666666667 0.017592592592592594
2 0.30807291666666664 0.7523148148148148 0.0109375 0.017592592592592594
2 0.28828125 0.7527777777777778 0.011979166666666667 0.018518518518518517
2 0.26223958333333336 0.7384259259259259 0.009895833333333333 0.01574074074074074
2 0.24661458333333333 0.725925925925926 0.0109375 0.016666666666666666
2 0.26119791666666664 0.5962962962962963 0.011979166666666667 0.016666666666666666
2 0.25052083333333336 0.5967592592592592 0.011458333333333333 0.01574074074074074
2 0.28619791666666666 0.5555555555555556 0.011979166666666667 0.016666666666666666
2 0.16822916666666668 0.5962962962962963 0.011458333333333333 0.016666666666666666
2 0.17265625 0.5833333333333334 0.011979166666666667 0.016666666666666666
2 0.1375 0.5972222222222222 0.011458333333333333 0.016666666666666666
2 0.16145833333333334 0.5578703703703703 0.011458333333333333 0.01574074074074074
2 0.14583333333333334 0.5439814814814815 0.010416666666666666 0.01574074074074074
2 0.15234375 0.46435185185185185 0.0109375 0.01574074074074074
2 0.146875 0.45046296296296295 0.011458333333333333 0.01574074074074074
2 0.13802083333333334 0.4777777777777778 0.011458333333333333 0.016666666666666666
4 0.12942708333333333 0.2310185185185185 0.011979166666666667 0.017592592592592594
4 0.13541666666666666 0.2449074074074074 0.011458333333333333 0.017592592592592594
4 0.13020833333333334 0.25925925925925924 0.011458333333333333 0.016666666666666666
4 0.09921875 0.25833333333333336 0.011979166666666667 0.016666666666666666
4 0.115625 0.2722222222222222 0.010416666666666666 0.016666666666666666
4 0.12109375 0.28564814814814815 0.0109375 0.01574074074074074
4 0.121875 0.31342592592592594 0.011458333333333333 0.017592592592592594
4 0.11041666666666666 0.4101851851851852 0.010416666666666666 0.016666666666666666
4 0.12109375 0.43657407407407406 0.011979166666666667 0.017592592592592594
6 0.50546875 0.4703703703703704 0.9067708333333333 0.7129629629629629
