5 0.6677083333333333 0.4759259259259259 0.013541666666666667 0.020370370370370372
5 0.66171875 0.49074074074074076 0.013020833333333334 0.022222222222222223
5 0.6888020833333334 0.5037037037037037 0.0140625 0.022222222222222223
5 0.6942708333333333 0.5189814814814815 0.013541666666666667 0.021296296296296296
5 0.7208333333333333 0.5606481481481481 0.013541666666666667 0.019444444444444445
5 0.74765625 0.5726851851851852 0.013020833333333334 0.021296296296296296
5 0.7018229166666666 0.3888888888888889 0.0140625 0.022222222222222223
5 0.4752604166666667 0.5046296296296297 0.015104166666666667 0.022222222222222223
5 0.4640625 0.5050925925925925 0.015625 0.021296296296296296
5 0.45260416666666664 0.44722222222222224 0.014583333333333334 0.022222222222222223
5 0.44140625 0.44814814814814813 0.015104166666666667 0.022222222222222223
5 0.4640625 0.4476851851851852 0.014583333333333334 0.021296296296296296
3 0.8890625 0.2101851851851852 0.015625 0.022222222222222223
3 0.88203125 0.22453703703703703 0.016145833333333335 0.023148148148148147
3 0.8942708333333333 0.22407407407407406 0.014583333333333334 0.024074074074074074
3 0.8690104166666667 0.2550925925925926 0.0140625 0.021296296296296296
3 0.8645833333333334 0.23981481481481481 0.014583333333333334 0.020370370370370372
3 0.8859375 0.26851851851851855 0.013541666666666667 0.022222222222222223
3 0.8731770833333333 0.2986111111111111 0.0140625 0.021296296296296296
3 0.9190104166666667 0.29768518518518516 0.015104166666666667 0.023148148148148147
3 0.9072916666666667 0.2986111111111111 0.014583333333333334 0.021296296296296296
3 0.90625 0.32685185185185184 0.014583333333333334 0.020370370370370372
3 0.9106770833333333 0.34305555555555556 0.013020833333333334 0.021296296296296296
3 0.8953125 0.3282407407407407 0.014583333333333334 0.021296296296296296
3 0.8885416666666667 0.3435185185185185 0.014583333333333334 0.020370370370370372
3 0.91875 0.4009259259259259 0.014583333333333334 0.020370370370370372
3 0.9138020833333333 0.3875 0.0140625 0.019444444444444445
3 0.8921875 0.387037037037037 0.015625 0.018518518518518517
3 0.8963541666666667 0.4009259259259259 0.014583333333333334 0.022222222222222223
3 0.8901041666666667 0.4162037037037037 0.013541666666666667 0.021296296296296296
3 0.8895833333333333 0.4439814814814815 0.014583333333333334 0.019444444444444445
3 0.8802083333333334 0.5148148148148148 0.013541666666666667 0.022222222222222223
3 0.86171875 0.29907407407407405 0.0140625 0.020370370370370372
3 0.8622395833333333 0.16203703703703703 0.015104166666666667 0.024074074074074074
3 0.8502604166666666 0.1638888888888889 0.016145833333333335 0.022222222222222223
3 0.8546875 0.17916666666666667 0.016666666666666666 0.021296296296296296
3 0.83359375 0.14814814814814814 0.015104166666666667 0.022222222222222223
3 0.8166666666666667 0.13287037037037036 0.015625 0.023148148148148147
3 0.8223958333333333 0.1486111111111111 0.015625 0.021296296296296296
3 0.82578125 0.1962962962962963 0.0140625 0.022222222222222223
3 0.8419270833333333 0.20972222222222223 0.0140625 0.021296296296296296
3 0.7994791666666666 0.1476851851851852 0.014583333333333334 0.023148148148148147
3 0.79375 0.13240740740740742 0.016666666666666666 0.025925925925925925
3 0.7776041666666667 0.11435185185185186 0.014583333333333334 0.023148148148148147
3 0.7815104166666667 0.16342592592592592 0.015104166666666667 0.021296296296296296
3 0.7736979166666667 0.20879629629629629 0.015104166666666667 0.023148148148148147
3 0.79609375 0.23935185185185184 0.015104166666666667 0.023148148148148147
3 0.7671875 0.25462962962962965 0.015625 0.022222222222222223
3 0.7721354166666666 0.2689814814814815 0.015104166666666667 0.023148148148148147
3 0.7565104166666666 0.22407407407407406 0.015104166666666667 0.024074074074074074
3 0.7294270833333333 0.17824074074074073 0.016145833333333335 0.026851851851851852
3 0.6484375 0.14722222222222223 0.014583333333333334 0.022222222222222223
3 0.6606770833333333 0.1476851851851852 0.0140625 0.023148148148148147
3 0.6143229166666667 0.11527777777777778 0.015104166666666667 0.025
3 0.54921875 0.13194444444444445 0.015104166666666667 0.025
3 0.5377604166666666 0.13194444444444445 0.016145833333333335 0.025
3 0.5315104166666667 0.17824074074074073 0.015104166666666667 0.023148148148148147
3 0.5260416666666666 0.19490740740740742 0.015625 0.023148148148148147
3 0.53203125 0.20925925925925926 0.015104166666666667 0.022222222222222223
3 0.5203125 0.2101851851851852 0.015625 0.024074074074074074
3 0.5315104166666667 0.24027777777777778 0.015104166666666667 0.023148148148148147
3 0.5372395833333333 0.25601851851851853 0.016145833333333335 0.023148148148148147
3 0.5427083333333333 0.27037037037037037 0.014583333333333334 0.024074074074074074
3 0.5427083333333333 0.29953703703703705 0.016666666666666666 0.023148148148148147
3 0.53671875 0.3162037037037037 0.016145833333333335 0.021296296296296296
3 0.5315104166666667 0.33055555555555555 0.016145833333333335 0.022222222222222223
3 0.525 0.3458333333333333 0.016666666666666666 0.023148148148148147
3 0.5307291666666667 0.3597222222222222 0.016666666666666666 0.021296296296296296
3 0.5546875 0.36018518518518516 0.013541666666666667 0.022222222222222223
3 0.5658854166666667 0.3592592592592593 0.016145833333333335 0.022222222222222223
3 0.50859375 0.2708333333333333 0.015104166666666667 0.025
3 0.4973958333333333 0.2712962962962963 0.016666666666666666 0.024074074074074074
3 0.49114583333333334 0.2569444444444444 0.015625 0.021296296296296296
3 0.5028645833333333 0.19444444444444445 0.0171875 0.024074074074074074
3 0.5088541666666667 0.1787037037037037 0.016666666666666666 0.022222222222222223
3 0.5080729166666667 0.11666666666666667 0.0140625 0.024074074074074074
3 0.49583333333333335 0.1162037037037037 0.015625 0.025
3 0.4903645833333333 0.13055555555555556 0.015104166666666667 0.024074074074074074
3 0.45546875 0.13240740740740742 0.015104166666666667 0.024074074074074074
3 0.4427083333333333 0.13194444444444445 0.015625 0.023148148148148147
3 0.43125 0.13287037037037036 0.016666666666666666 0.023148148148148147
3 0.42604166666666665 0.14953703703703702 0.016666666666666666 0.021296296296296296
3 0.4434895833333333 0.1638888888888889 0.015104166666666667 0.022222222222222223
3 0.4317708333333333 0.1648148148148148 0.015625 0.020370370370370372
3 0.39609375 0.1 0.0140625 0.024074074074074074
3 0.3729166666666667 0.10092592592592593 0.016666666666666666 0.022222222222222223
3 0.37864583333333335 0.11712962962962963 0.015625 0.019444444444444445
3 0.36640625 0.11712962962962963 0.016145833333333335 0.025
3 0.3494791666666667 0.13287037037037036 0.015625 0.023148148148148147
3 0.33828125 0.16574074074074074 0.015104166666666667 0.022222222222222223
3 0.34453125 0.18055555555555555 0.0140625 0.022222222222222223
3 0.35572916666666665 0.18009259259259258 0.014583333333333334 0.023148148148148147
3 0.35052083333333334 0.19537037037037036 0.014583333333333334 0.024074074074074074
3 0.35598958333333336 0.21064814814814814 0.015104166666666667 0.021296296296296296
3 0.3567708333333333 0.2412037037037037 0.014583333333333334 0.021296296296296296
3 0.36770833333333336 0.2412037037037037 0.015625 0.019444444444444445
3 0.34609375 0.2722222222222222 0.015104166666666667 0.022222222222222223
3 0.3416666666666667 0.3175925925925926 0.014583333333333334 0.022222222222222223
3 0.33645833333333336 0.33240740740740743 0.014583333333333334 0.022222222222222223
3 0.38177083333333334 0.33101851851851855 0.014583333333333334 0.023148148148148147
3 0.38203125 0.3611111111111111 0.015104166666666667 0.022222222222222223
3 0.39401041666666664 0.36064814814814816 0.016145833333333335 0.023148148148148147
3 0.37083333333333335 0.36157407407407405 0.015625 0.021296296296296296
3 0.359375 0.3611111111111111 0.016666666666666666 0.022222222222222223
3 0.3541666666666667 0.3773148148148148 0.015625 0.021296296296296296
3 0.3653645833333333 0.3773148148148148 0.0140625 0.021296296296296296
3 0.3888020833333333 0.3773148148148148 0.015104166666666667 0.019444444444444445
3 0.39505208333333336 0.3912037037037037 0.015104166666666667 0.023148148148148147
3 0.4002604166666667 0.4060185185185185 0.0140625 0.021296296296296296
3 0.35572916666666665 0.46435185185185185 0.014583333333333334 0.023148148148148147
3 0.3614583333333333 0.4791666666666667 0.015625 0.021296296296296296
3 0.37838541666666664 0.4638888888888889 0.0140625 0.022222222222222223
3 0.3234375 0.10046296296296296 0.016666666666666666 0.021296296296296296
3 0.3106770833333333 0.1 0.015104166666666667 0.022222222222222223
3 0.296875 0.11944444444444445 0.013541666666666667 0.024074074074074074
3 0.2559895833333333 0.13518518518518519 0.016145833333333335 0.024074074074074074
3 0.25052083333333336 0.15185185185185185 0.015625 0.024074074074074074
3 0.23854166666666668 0.1537037037037037 0.014583333333333334 0.024074074074074074
3 0.24765625 0.22916666666666666 0.016145833333333335 0.021296296296296296
3 0.14375 0.2916666666666667 0.015625 0.022222222222222223
3 0.15130208333333334 0.3060185185185185 0.016145833333333335 0.023148148148148147
3 0.15703125 0.2902777777777778 0.0140625 0.025
3 0.16354166666666667 0.30462962962962964 0.014583333333333334 0.020370370370370372
3 0.17526041666666667 0.3055555555555556 0.0140625 0.020370370370370372
3 0.18723958333333332 0.3037037037037037 0.0140625 0.022222222222222223
3 0.171875 0.2162037037037037 0.016666666666666666 0.023148148148148147
3 0.17890625 0.2310185185185185 0.015104166666666667 0.023148148148148147
3 0.140625 0.33564814814814814 0.014583333333333334 0.023148148148148147
3 0.12864583333333332 0.3365740740740741 0.015625 0.021296296296296296
3 0.12005208333333334 0.36666666666666664 0.015104166666666667 0.024074074074074074
3 0.12604166666666666 0.3800925925925926 0.015625 0.021296296296296296
3 0.12109375 0.3958333333333333 0.015104166666666667 0.021296296296296296
3 0.11666666666666667 0.41064814814814815 0.014583333333333334 0.021296296296296296
3 0.128125 0.4101851851851852 0.014583333333333334 0.024074074074074074
3 0.12317708333333334 0.42407407407407405 0.015104166666666667 0.024074074074074074
3 0.10677083333333333 0.4393518518518518 0.013541666666666667 0.023148148148148147
3 0.11901041666666666 0.4398148148148148 0.0140625 0.022222222222222223
3 0.08802083333333334 0.4981481481481482 0.014583333333333334 0.022222222222222223
3 0.08359375 0.5120370370370371 0.016145833333333335 0.020370370370370372
3 0.08958333333333333 0.5263888888888889 0.014583333333333334 0.021296296296296296
3 0.09583333333333334 0.5398148148148149 0.014583333333333334 0.020370370370370372
3 0.10677083333333333 0.5402777777777777 0.014583333333333334 0.021296296296296296
3 0.09140625 0.5546296296296296 0.015104166666666667 0.022222222222222223
3 0.09713541666666667 0.5689814814814815 0.015104166666666667 0.021296296296296296
3 0.103125 0.5828703703703704 0.015625 0.021296296296296296
3 0.10520833333333333 0.611574074074074 0.014583333333333334 0.023148148148148147
3 0.11588541666666667 0.6111111111111112 0.0140625 0.020370370370370372
3 0.10651041666666666 0.6393518518518518 0.0140625 0.019444444444444445
3 0.09192708333333334 0.6537037037037037 0.0140625 0.022222222222222223
3 0.096875 0.6680555555555555 0.013541666666666667 0.021296296296296296
3 0.10859375 0.6671296296296296 0.015104166666666667 0.019444444444444445
3 0.10286458333333333 0.6814814814814815 0.013020833333333334 0.020370370370370372
3 0.11380208333333333 0.6800925925925926 0.015104166666666667 0.021296296296296296
3 0.10729166666666666 0.6962962962962963 0.014583333333333334 0.018518518518518517
3 0.11927083333333334 0.6953703703703704 0.013541666666666667 0.022222222222222223
3 0.13020833333333334 0.6939814814814815 0.014583333333333334 0.021296296296296296
3 0.12447916666666667 0.7083333333333334 0.014583333333333334 0.020370370370370372
3 0.11848958333333333 0.7217592592592592 0.0140625 0.021296296296296296
3 0.13046875 0.7226851851851852 0.015104166666666667 0.023148148148148147
3 0.14765625 0.7375 0.016145833333333335 0.023148148148148147
2 0.3109375 0.649074074074074 0.014583333333333334 0.022222222222222223
2 0.31223958333333335 0.524074074074074 0.016145833333333335 0.022222222222222223
2 0.30833333333333335 0.3476851851851852 0.015625 0.021296296296296296
0 0.11744791666666667 0.11712962962962963 0.0171875 0.025
0 0.11171875 0.13472222222222222 0.018229166666666668 0.025
0 0.10625 0.15138888888888888 0.016666666666666666 0.028703703703703703
0 0.1015625 0.16805555555555557 0.017708333333333333 0.026851851851851852
0 0.10885416666666667 0.18333333333333332 0.017708333333333333 0.027777777777777776
0 0.10442708333333334 0.2 0.018229166666666668 0.025925925925925925
0 0.09973958333333334 0.2162037037037037 0.018229166666666668 0.025
0 0.12291666666666666 0.21481481481481482 0.017708333333333333 0.027777777777777776
0 0.14401041666666667 0.14953703703703702 0.0203125 0.032407407407407406
2 0.29765625 0.37824074074074077 0.015104166666666667 0.021296296296296296
2 0.2981770833333333 0.40694444444444444 0.015104166666666667 0.023148148148148147
3 0.3171875 0.6888888888888889 0.014583333333333334 0.020370370370370372
3 0.28958333333333336 0.7037037037037037 0.013541666666666667 0.018518518518518517
3 0.28854166666666664 0.7300925925925926 0.014583333333333334 0.025
2 0.28828125 0.65 0.013020833333333334 0.018518518518518517
2 0.27786458333333336 0.65 0.0140625 0.020370370370370372
2 0.27838541666666666 0.6777777777777778 0.0140625 0.018518518518518517
2 0.2677083333333333 0.6782407407407407 0.013541666666666667 0.019444444444444445
6 0.50234375 0.40324074074074073 0.9473958333333333 0.7509259259259259
