0 0.8221354166666667 0.1699074074074074 0.0140625 0.023148148148148147
0 0.825 0.18518518518518517 0.013541666666666667 0.024074074074074074
0 0.83515625 0.18425925925925926 0.016145833333333335 0.022222222222222223
0 0.8291666666666667 0.2 0.013541666666666667 0.020370370370370372
0 0.81875 0.2 0.013541666666666667 0.020370370370370372
0 0.7989583333333333 0.1712962962962963 0.0125 0.022222222222222223
0 0.865625 0.2111111111111111 0.014583333333333334 0.024074074074074074
0 0.8768229166666667 0.2152777777777778 0.0140625 0.025
0 0.88359375 0.22777777777777777 0.0140625 0.022222222222222223
0 0.87265625 0.22824074074074074 0.016145833333333335 0.023148148148148147
0 0.87890625 0.28564814814814815 0.0140625 0.019444444444444445
0 0.8903645833333333 0.2865740740740741 0.013020833333333334 0.019444444444444445
0 0.8966145833333333 0.24444444444444444 0.013020833333333334 0.018518518518518517
0 0.8934895833333333 0.29953703703703705 0.013020833333333334 0.019444444444444445
1 0.7104166666666667 0.39537037037037037 0.015625 0.020370370370370372
1 0.7153645833333333 0.40879629629629627 0.0140625 0.023148148148148147
1 0.7098958333333333 0.42314814814814816 0.014583333333333334 0.020370370370370372
1 0.6989583333333333 0.4236111111111111 0.015625 0.021296296296296296
1 0.6934895833333333 0.43796296296296294 0.016145833333333335 0.020370370370370372
1 0.6986979166666667 0.45092592592592595 0.0140625 0.020370370370370372
1 0.7083333333333334 0.4787037037037037 0.013541666666666667 0.020370370370370372
1 0.7182291666666667 0.47824074074074074 0.014583333333333334 0.021296296296296296
1 0.7028645833333333 0.49166666666666664 0.015104166666666667 0.018518518518518517
1 0.6932291666666667 0.49166666666666664 0.015625 0.018518518518518517
1 0.7083333333333334 0.5046296296296297 0.015625 0.018518518518518517
1 0.71875 0.5050925925925925 0.015625 0.019444444444444445
1 0.7239583333333334 0.5194444444444445 0.015625 0.022222222222222223
1 0.7184895833333333 0.5324074074074074 0.016145833333333335 0.022222222222222223
1 0.7127604166666667 0.5458333333333333 0.0140625 0.019444444444444445
1 0.7072916666666667 0.5601851851851852 0.014583333333333334 0.018518518518518517
1 0.7119791666666667 0.5731481481481482 0.014583333333333334 0.018518518518518517
1 0.6911458333333333 0.5745370370370371 0.013541666666666667 0.019444444444444445
1 0.696875 0.5875 0.013541666666666667 0.021296296296296296
1 0.7002604166666667 0.6013888888888889 0.013020833333333334 0.021296296296296296
1 0.5377604166666666 0.5601851851851852 0.015104166666666667 0.020370370370370372
1 0.54296875 0.5740740740740741 0.0140625 0.022222222222222223
1 0.5377604166666666 0.586574074074074 0.013020833333333334 0.017592592592592594
1 0.5270833333333333 0.587037037037037 0.014583333333333334 0.020370370370370372
1 0.5486979166666667 0.5060185185185185 0.016145833333333335 0.019444444444444445
1 0.51640625 0.5060185185185185 0.015104166666666667 0.021296296296296296
1 0.5111979166666667 0.4930555555555556 0.015104166666666667 0.019444444444444445
1 0.5059895833333333 0.42314814814814816 0.015104166666666667 0.022222222222222223
1 0.2760416666666667 0.22685185185185186 0.015625 0.022222222222222223
1 0.29296875 0.21203703703703702 0.015104166666666667 0.020370370370370372
1 0.29244791666666664 0.2412037037037037 0.015104166666666667 0.021296296296296296
1 0.29765625 0.2550925925925926 0.015104166666666667 0.023148148148148147
1 0.27630208333333334 0.2564814814814815 0.015104166666666667 0.020370370370370372
1 0.28177083333333336 0.26944444444444443 0.014583333333333334 0.024074074074074074
1 0.2765625 0.2847222222222222 0.014583333333333334 0.021296296296296296
1 0.2721354166666667 0.29907407407407405 0.016145833333333335 0.024074074074074074
1 0.26666666666666666 0.31296296296296294 0.017708333333333333 0.022222222222222223
1 0.26171875 0.3263888888888889 0.016145833333333335 0.021296296296296296
1 0.25729166666666664 0.3416666666666667 0.016666666666666666 0.022222222222222223
1 0.26119791666666664 0.35555555555555557 0.016145833333333335 0.022222222222222223
1 0.27291666666666664 0.3560185185185185 0.015625 0.021296296296296296
1 0.2578125 0.3699074074074074 0.014583333333333334 0.023148148148148147
1 0.25286458333333334 0.38333333333333336 0.013020833333333334 0.022222222222222223
1 0.2578125 0.39814814814814814 0.015625 0.022222222222222223
1 0.2638020833333333 0.4111111111111111 0.015104166666666667 0.024074074074074074
1 0.27421875 0.4111111111111111 0.015104166666666667 0.024074074074074074
1 0.25833333333333336 0.42453703703703705 0.015625 0.023148148148148147
1 0.25338541666666664 0.4388888888888889 0.0140625 0.024074074074074074
1 0.26536458333333335 0.4930555555555556 0.015104166666666667 0.019444444444444445
1 0.26119791666666664 0.5347222222222222 0.0140625 0.021296296296296296
1 0.23932291666666666 0.5074074074074074 0.015104166666666667 0.022222222222222223
1 0.2296875 0.5347222222222222 0.016666666666666666 0.017592592592592594
1 0.22057291666666667 0.5625 0.0140625 0.023148148148148147
1 0.22578125 0.575462962962963 0.015104166666666667 0.023148148148148147
1 0.23619791666666667 0.575462962962963 0.015104166666666667 0.021296296296296296
1 0.24192708333333332 0.5893518518518519 0.015104166666666667 0.019444444444444445
1 0.2375 0.6282407407407408 0.015625 0.021296296296296296
1 0.21015625 0.5615740740740741 0.015104166666666667 0.021296296296296296
1 0.21744791666666666 0.45231481481481484 0.015104166666666667 0.025
1 0.20651041666666667 0.4532407407407407 0.016145833333333335 0.025
1 0.21588541666666666 0.3976851851851852 0.0140625 0.025
1 0.20963541666666666 0.35648148148148145 0.018229166666666668 0.024074074074074074
1 0.21848958333333332 0.29953703703703705 0.016145833333333335 0.025
1 0.20859375 0.29953703703703705 0.016145833333333335 0.021296296296296296
1 0.19270833333333334 0.31342592592592594 0.016666666666666666 0.023148148148148147
1 0.18723958333333332 0.32731481481481484 0.0171875 0.021296296296296296
1 0.18203125 0.34120370370370373 0.0171875 0.023148148148148147
1 0.18828125 0.3560185185185185 0.016145833333333335 0.023148148148148147
1 0.18854166666666666 0.3837962962962963 0.015625 0.023148148148148147
1 0.18385416666666668 0.39861111111111114 0.016666666666666666 0.021296296296296296
1 0.17369791666666667 0.39675925925925926 0.015104166666666667 0.025
1 0.17473958333333334 0.425 0.016145833333333335 0.025925925925925925
1 0.18046875 0.4388888888888889 0.016145833333333335 0.022222222222222223
1 0.17526041666666667 0.4532407407407407 0.0140625 0.021296296296296296
1 0.18125 0.4666666666666667 0.015625 0.024074074074074074
1 0.17135416666666667 0.49398148148148147 0.015625 0.025
1 0.1671875 0.5074074074074074 0.016666666666666666 0.024074074074074074
1 0.15677083333333333 0.38425925925925924 0.014583333333333334 0.020370370370370372
1 0.15260416666666668 0.3976851851851852 0.015625 0.023148148148148147
3 0.6973958333333333 0.6814814814814815 0.014583333333333334 0.020370370370370372
3 0.6565104166666667 0.6532407407407408 0.0140625 0.021296296296296296
3 0.6611979166666667 0.6657407407407407 0.015104166666666667 0.020370370370370372
3 0.6513020833333333 0.6666666666666666 0.0140625 0.020370370370370372
3 0.63046875 0.6652777777777777 0.0140625 0.021296296296296296
3 0.6354166666666666 0.6800925925925926 0.014583333333333334 0.023148148148148147
3 0.6255208333333333 0.6805555555555556 0.013541666666666667 0.022222222222222223
3 0.6309895833333333 0.6129629629629629 0.0140625 0.022222222222222223
3 0.6049479166666667 0.6263888888888889 0.013020833333333334 0.019444444444444445
3 0.6151041666666667 0.6259259259259259 0.0125 0.020370370370370372
3 0.59921875 0.6393518518518518 0.013020833333333334 0.019444444444444445
1 0.15234375 0.5208333333333334 0.015104166666666667 0.023148148148148147
1 0.15677083333333333 0.5328703703703703 0.015625 0.021296296296296296
1 0.16822916666666668 0.5347222222222222 0.014583333333333334 0.021296296296296296
1 0.15859375 0.4393518518518518 0.0140625 0.021296296296296296
1 0.15390625 0.45185185185185184 0.015104166666666667 0.022222222222222223
6 0.48984375 0.43425925925925923 0.9067708333333333 0.6962962962962963
