5 0.6528645833333333 0.2962962962962963 0.011979166666666667 0.016666666666666666
5 0.6583333333333333 0.30972222222222223 0.011458333333333333 0.01574074074074074
5 0.653125 0.3236111111111111 0.011458333333333333 0.017592592592592594
5 0.6427083333333333 0.32407407407407407 0.0125 0.016666666666666666
5 0.6481770833333333 0.33796296296296297 0.0109375 0.018518518518518517
5 0.6317708333333333 0.324537037037037 0.0125 0.01574074074074074
5 0.6526041666666667 0.35185185185185186 0.0125 0.016666666666666666
5 0.6580729166666667 0.3648148148148148 0.0109375 0.016666666666666666
5 0.6473958333333333 0.39166666666666666 0.011458333333333333 0.016666666666666666
5 0.6578125 0.3912037037037037 0.011458333333333333 0.017592592592592594
5 0.6528645833333333 0.4050925925925926 0.011979166666666667 0.017592592592592594
5 0.6578125 0.41805555555555557 0.0125 0.017592592592592594
5 0.64296875 0.43194444444444446 0.011979166666666667 0.017592592592592594
5 0.653125 0.4587962962962963 0.0125 0.017592592592592594
5 0.6375 0.4726851851851852 0.011458333333333333 0.01574074074074074
5 0.6627604166666666 0.48564814814814816 0.011979166666666667 0.017592592592592594
5 0.6325520833333333 0.4861111111111111 0.0109375 0.016666666666666666
5 0.6322916666666667 0.5125 0.011458333333333333 0.017592592592592594
5 0.6526041666666667 0.5120370370370371 0.011458333333333333 0.018518518518518517
5 0.6783854166666666 0.6074074074074074 0.0109375 0.018518518518518517
5 0.5658854166666667 0.6097222222222223 0.0109375 0.017592592592592594
5 0.55546875 0.6106481481481482 0.011979166666666667 0.017592592592592594
5 0.5356770833333333 0.5824074074074074 0.011979166666666667 0.018518518518518517
5 0.5453125 0.6106481481481482 0.011458333333333333 0.017592592592592594
5 0.5348958333333333 0.6106481481481482 0.011458333333333333 0.017592592592592594
5 0.5450520833333333 0.6365740740740741 0.011979166666666667 0.017592592592592594
5 0.53984375 0.65 0.011979166666666667 0.016666666666666666
5 0.5502604166666667 0.65 0.0109375 0.016666666666666666
5 0.55 0.6759259259259259 0.011458333333333333 0.018518518518518517
5 0.5401041666666667 0.6759259259259259 0.011458333333333333 0.016666666666666666
5 0.5348958333333333 0.6888888888888889 0.011458333333333333 0.016666666666666666
5 0.5145833333333333 0.6370370370370371 0.011458333333333333 0.016666666666666666
5 0.49947916666666664 0.6240740740740741 0.011458333333333333 0.016666666666666666
5 0.4942708333333333 0.6375 0.011458333333333333 0.01574074074074074
5 0.4895833333333333 0.5967592592592592 0.011458333333333333 0.017592592592592594
5 0.48411458333333335 0.6101851851851852 0.0109375 0.016666666666666666
5 0.5145833333333333 0.5282407407407408 0.011458333333333333 0.017592592592592594
5 0.48385416666666664 0.5273148148148148 0.010416666666666666 0.017592592592592594
5 0.48359375 0.47314814814814815 0.011979166666666667 0.018518518518518517
5 0.4825520833333333 0.3921296296296296 0.011979166666666667 0.017592592592592594
5 0.4973958333333333 0.324537037037037 0.011458333333333333 0.017592592592592594
5 0.5026041666666666 0.33796296296296297 0.011458333333333333 0.016666666666666666
5 0.49192708333333335 0.33796296296296297 0.011979166666666667 0.016666666666666666
5 0.48203125 0.2847222222222222 0.011979166666666667 0.017592592592592594
5 0.49140625 0.23148148148148148 0.0109375 0.016666666666666666
5 0.5177083333333333 0.2449074074074074 0.011458333333333333 0.01574074074074074
5 0.43984375 0.23194444444444445 0.0109375 0.01574074074074074
5 0.44505208333333335 0.24444444444444444 0.011979166666666667 0.016666666666666666
5 0.4296875 0.28564814814814815 0.011458333333333333 0.01574074074074074
5 0.42473958333333334 0.324537037037037 0.011979166666666667 0.01574074074074074
5 0.42552083333333335 0.3523148148148148 0.011458333333333333 0.01574074074074074
5 0.4356770833333333 0.37916666666666665 0.0109375 0.01574074074074074
5 0.4510416666666667 0.3925925925925926 0.011458333333333333 0.016666666666666666
5 0.44635416666666666 0.40555555555555556 0.011458333333333333 0.016666666666666666
5 0.4515625 0.44675925925925924 0.011458333333333333 0.019444444444444445
5 0.4622395833333333 0.4736111111111111 0.011979166666666667 0.017592592592592594
5 0.46796875 0.4875 0.011979166666666667 0.01574074074074074
5 0.45286458333333335 0.5287037037037037 0.011979166666666667 0.016666666666666666
5 0.4421875 0.5550925925925926 0.0125 0.017592592592592594
5 0.4166666666666667 0.5685185185185185 0.011458333333333333 0.016666666666666666
5 0.40130208333333334 0.5550925925925926 0.011979166666666667 0.017592592592592594
5 0.4002604166666667 0.4736111111111111 0.011979166666666667 0.017592592592592594
5 0.39869791666666665 0.3125 0.011979166666666667 0.017592592592592594
3 0.8127604166666667 0.2537037037037037 0.011979166666666667 0.018518518518518517
3 0.7916666666666666 0.2550925925925926 0.011458333333333333 0.01574074074074074
3 0.7815104166666667 0.25601851851851853 0.0109375 0.01574074074074074
3 0.621875 0.7018518518518518 0.011458333333333333 0.016666666666666666
3 0.6114583333333333 0.7018518518518518 0.0125 0.016666666666666666
3 0.6169270833333333 0.7148148148148148 0.011979166666666667 0.016666666666666666
3 0.6010416666666667 0.700925925925926 0.011458333333333333 0.018518518518518517
3 0.5908854166666667 0.7013888888888888 0.0109375 0.01574074074074074
3 0.5809895833333333 0.7023148148148148 0.0109375 0.01574074074074074
3 0.5096354166666667 0.6754629629629629 0.0109375 0.017592592592592594
3 0.49921875 0.6759259259259259 0.011979166666666667 0.014814814814814815
3 0.49453125 0.6907407407407408 0.011979166666666667 0.016666666666666666
3 0.4744791666666667 0.6907407407407408 0.0125 0.016666666666666666
3 0.47942708333333334 0.6773148148148148 0.011979166666666667 0.017592592592592594
3 0.46953125 0.6773148148148148 0.0109375 0.01574074074074074
3 0.46484375 0.6652777777777777 0.011979166666666667 0.01574074074074074
3 0.45859375 0.5972222222222222 0.011979166666666667 0.016666666666666666
3 0.43854166666666666 0.6240740740740741 0.0125 0.016666666666666666
3 0.41848958333333336 0.6513888888888889 0.011979166666666667 0.017592592592592594
3 0.42421875 0.6666666666666666 0.011979166666666667 0.016666666666666666
3 0.4395833333333333 0.6782407407407407 0.011458333333333333 0.01574074074074074
3 0.4083333333333333 0.65 0.0125 0.016666666666666666
3 0.40390625 0.663425925925926 0.0109375 0.01574074074074074
3 0.3885416666666667 0.6782407407407407 0.011458333333333333 0.01574074074074074
3 0.378125 0.6763888888888889 0.0125 0.01574074074074074
3 0.37213541666666666 0.663425925925926 0.011979166666666667 0.017592592592592594
3 0.3528645833333333 0.6902777777777778 0.011979166666666667 0.017592592592592594
3 0.36276041666666664 0.6902777777777778 0.011979166666666667 0.017592592592592594
3 0.34817708333333336 0.7041666666666667 0.011979166666666667 0.017592592592592594
3 0.3580729166666667 0.7037037037037037 0.011979166666666667 0.018518518518518517
3 0.34296875 0.7171296296296297 0.011979166666666667 0.017592592592592594
3 0.32734375 0.7037037037037037 0.011979166666666667 0.016666666666666666
3 0.3223958333333333 0.7180555555555556 0.0125 0.017592592592592594
3 0.31197916666666664 0.7166666666666667 0.0125 0.016666666666666666
3 0.3067708333333333 0.7023148148148148 0.0125 0.017592592592592594
3 0.3020833333333333 0.7162037037037037 0.0125 0.017592592592592594
3 0.28619791666666666 0.7305555555555555 0.013020833333333334 0.018518518518518517
3 0.28072916666666664 0.7152777777777778 0.0125 0.017592592592592594
3 0.27057291666666666 0.7162037037037037 0.011979166666666667 0.017592592592592594
3 0.26067708333333334 0.7157407407407408 0.013020833333333334 0.018518518518518517
3 0.25 0.7162037037037037 0.013541666666666667 0.017592592592592594
3 0.23880208333333333 0.6893518518518519 0.011979166666666667 0.017592592592592594
3 0.22942708333333334 0.7157407407407408 0.011979166666666667 0.016666666666666666
3 0.234375 0.7027777777777777 0.011458333333333333 0.016666666666666666
3 0.21901041666666668 0.7162037037037037 0.013020833333333334 0.017592592592592594
3 0.21328125 0.7023148148148148 0.011979166666666667 0.017592592592592594
3 0.20911458333333333 0.7166666666666667 0.011979166666666667 0.016666666666666666
3 0.19869791666666667 0.7166666666666667 0.013020833333333334 0.016666666666666666
3 0.19270833333333334 0.7023148148148148 0.0125 0.017592592592592594
3 0.18203125 0.6754629629629629 0.011979166666666667 0.017592592592592594
3 0.17734375 0.6893518518518519 0.011979166666666667 0.017592592592592594
3 0.17161458333333332 0.649074074074074 0.011979166666666667 0.018518518518518517
3 0.16640625 0.662962962962963 0.0109375 0.016666666666666666
3 0.2015625 0.5972222222222222 0.0125 0.018518518518518517
3 0.19114583333333332 0.5962962962962963 0.0125 0.018518518518518517
3 0.18619791666666666 0.6101851851851852 0.013020833333333334 0.016666666666666666
3 0.17578125 0.5560185185185185 0.011979166666666667 0.017592592592592594
3 0.18072916666666666 0.5703703703703704 0.0125 0.016666666666666666
3 0.18958333333333333 0.49027777777777776 0.0125 0.017592592592592594
3 0.17916666666666667 0.4634259259259259 0.0125 0.017592592592592594
3 0.16822916666666668 0.49027777777777776 0.0125 0.017592592592592594
3 0.16302083333333334 0.47685185185185186 0.011458333333333333 0.016666666666666666
3 0.16328125 0.5037037037037037 0.013020833333333334 0.018518518518518517
3 0.17447916666666666 0.5041666666666667 0.0125 0.019444444444444445
3 0.16953125 0.5175925925925926 0.013020833333333334 0.020370370370370372
3 0.16979166666666667 0.5430555555555555 0.0125 0.017592592592592594
3 0.16510416666666666 0.5564814814814815 0.0125 0.018518518518518517
3 0.16015625 0.5708333333333333 0.013020833333333334 0.019444444444444445
3 0.16536458333333334 0.5837962962962963 0.011979166666666667 0.017592592592592594
3 0.17005208333333333 0.5967592592592592 0.013020833333333334 0.017592592592592594
1 0.3528645833333333 0.3787037037037037 0.011979166666666667 0.018518518518518517
1 0.34739583333333335 0.3662037037037037 0.011458333333333333 0.017592592592592594
1 0.3375 0.3925925925925926 0.011458333333333333 0.016666666666666666
1 0.321875 0.4074074074074074 0.011458333333333333 0.016666666666666666
1 0.346875 0.3111111111111111 0.011458333333333333 0.020370370370370372
1 0.33125 0.3263888888888889 0.0125 0.017592592592592594
1 0.3260416666666667 0.3402777777777778 0.011458333333333333 0.017592592592592594
1 0.41901041666666666 0.2574074074074074 0.011979166666666667 0.016666666666666666
1 0.40859375 0.25787037037037036 0.011979166666666667 0.017592592592592594
1 0.43515625 0.40555555555555556 0.011979166666666667 0.016666666666666666
1 0.4044270833333333 0.4064814814814815 0.011979166666666667 0.016666666666666666
1 0.38385416666666666 0.40694444444444444 0.0125 0.017592592592592594
1 0.8643229166666667 0.5226851851851851 0.0109375 0.017592592592592594
1 0.8486979166666667 0.5356481481481481 0.011979166666666667 0.017592592592592594
1 0.8388020833333333 0.5365740740740741 0.011979166666666667 0.017592592592592594
1 0.8026041666666667 0.5236111111111111 0.011458333333333333 0.017592592592592594
1 0.7921875 0.5236111111111111 0.013541666666666667 0.01574074074074074
1 0.7973958333333333 0.5356481481481481 0.0125 0.019444444444444445
1 0.2953125 0.36666666666666664 0.011458333333333333 0.018518518518518517
1 0.27578125 0.4203703703703704 0.011979166666666667 0.018518518518518517
1 0.3111979166666667 0.32592592592592595 0.011979166666666667 0.018518518518518517
1 0.33098958333333334 0.2726851851851852 0.011979166666666667 0.017592592592592594
3 0.24453125 0.3162037037037037 0.011979166666666667 0.017592592592592594
3 0.23411458333333332 0.3425925925925926 0.011979166666666667 0.018518518518518517
3 0.20234375 0.31712962962962965 0.011979166666666667 0.019444444444444445
3 0.21302083333333333 0.3425925925925926 0.0125 0.018518518518518517
3 0.2140625 0.36944444444444446 0.0125 0.018518518518518517
3 0.20911458333333333 0.38333333333333336 0.013020833333333334 0.018518518518518517
6 0.5026041666666666 0.48518518518518516 0.875 0.6796296296296296
