6 0.496875 0.4199074074074074 0.9385416666666667 0.7342592592592593
1 0.8161458333333333 0.3731481481481482 0.015625 0.027777777777777776
1 0.83671875 0.40324074074074073 0.015104166666666667 0.023148148148148147
1 0.8223958333333333 0.45925925925925926 0.015625 0.022222222222222223
1 0.7770833333333333 0.3578703703703704 0.016666666666666666 0.023148148148148147
1 0.7984375 0.25601851851851853 0.016666666666666666 0.025
1 0.7369791666666666 0.24074074074074073 0.016666666666666666 0.025925925925925925
1 0.7356770833333334 0.26990740740740743 0.016145833333333335 0.023148148148148147
1 0.72421875 0.2986111111111111 0.0171875 0.023148148148148147
1 0.7393229166666667 0.34305555555555556 0.016145833333333335 0.021296296296296296
1 0.6770833333333334 0.35648148148148145 0.016666666666666666 0.025925925925925925
1 0.7541666666666667 0.38564814814814813 0.015625 0.025
1 0.69765625 0.225 0.015104166666666667 0.024074074074074074
1 0.6411458333333333 0.22407407407407406 0.016666666666666666 0.025925925925925925
1 0.5901041666666667 0.20925925925925926 0.017708333333333333 0.025925925925925925
1 0.6497395833333334 0.3421296296296296 0.013020833333333334 0.019444444444444445
3 0.5044270833333333 0.36898148148148147 0.013020833333333334 0.019444444444444445
3 0.21770833333333334 0.3912037037037037 0.016666666666666666 0.023148148148148147
3 0.2296875 0.4199074074074074 0.016666666666666666 0.023148148148148147
3 0.18802083333333333 0.44675925925925924 0.015625 0.023148148148148147
3 0.20989583333333334 0.475462962962963 0.016666666666666666 0.023148148148148147
3 0.18385416666666668 0.48842592592592593 0.014583333333333334 0.023148148148148147
3 0.20651041666666667 0.5703703703703704 0.016145833333333335 0.024074074074074074
3 0.23359375 0.5842592592592593 0.015104166666666667 0.022222222222222223
3 0.22994791666666667 0.65 0.015104166666666667 0.022222222222222223
3 0.32265625 0.7222222222222222 0.013020833333333334 0.022222222222222223
3 0.29739583333333336 0.23472222222222222 0.014583333333333334 0.023148148148148147
3 0.2752604166666667 0.2638888888888889 0.015104166666666667 0.024074074074074074
3 0.2421875 0.26435185185185184 0.014583333333333334 0.025
3 0.22005208333333334 0.26435185185185184 0.018229166666666668 0.025
3 0.23151041666666666 0.29212962962962963 0.016145833333333335 0.023148148148148147
3 0.19348958333333333 0.30648148148148147 0.016145833333333335 0.024074074074074074
3 0.184375 0.33425925925925926 0.015625 0.025925925925925925
3 0.84921875 0.5990740740740741 0.015104166666666667 0.022222222222222223
3 0.8479166666666667 0.6263888888888889 0.013541666666666667 0.023148148148148147
3 0.8278645833333333 0.5981481481481481 0.015104166666666667 0.024074074074074074
3 0.8296875 0.6657407407407407 0.014583333333333334 0.022222222222222223
3 0.83828125 0.6916666666666667 0.015104166666666667 0.022222222222222223
3 0.8020833333333334 0.6782407407407407 0.014583333333333334 0.023148148148148147
3 0.81796875 0.6921296296296297 0.015104166666666667 0.021296296296296296
3 0.8015625 0.43148148148148147 0.015625 0.020370370370370372
3 0.7645833333333333 0.41574074074074074 0.015625 0.024074074074074074
